__label__anger 0.17273627704621566 __label__sadness 0.16957360434238106 __label__surprise 0.16951352594209884 __label__joy 0.1681128193146985 __label__fear 0.16671226111766319 __label__disgust 0.15335151223694293
__label__joy 0.2058116245689041 __label__surprise 0.17496463353005187 __label__sadness 0.16212062598064572 __label__disgust 0.15443030126380025 __label__anger 0.15432400813829397 __label__fear 0.14834880651830415
__label__fear 0.20544380538597448 __label__joy 0.17248866879508903 __label__anger 0.16808815518430498 __label__surprise 0.15808010523282334 __label__sadness 0.15802491032858157 __label__disgust 0.13787435507322668
__label__anger 0.18216822770030575 __label__fear 0.17117341899352279 __label__surprise 0.16881761201504597 __label__joy 0.1628323590037963 __label__sadness 0.15942304440794078 __label__disgust 0.15558533787938839
__label__joy 0.1747342331392338 __label__fear 0.17264719795764452 __label__sadness 0.17139396410013327 __label__anger 0.1647579352859574 __label__surprise 0.1593647040651708 __label__disgust 0.15710196545186023
__label__joy 0.17904761394304272 __label__sadness 0.17139921411657585 __label__fear 0.170384906989046 __label__surprise 0.16754556192321932 __label__anger 0.1606808919677822 __label__disgust 0.15094181106033383
__label__joy 0.18582630978684114 __label__sadness 0.18069351609037693 __label__anger 0.16885474751273621 __label__surprise 0.15997848629107966 __label__fear 0.15279494699712312 __label__disgust 0.15185199332184288
__label__sadness 0.1796531746353684 __label__joy 0.17736951246693908 __label__surprise 0.16735732871326262 __label__fear 0.16697420604536892 __label__disgust 0.16265733092035797 __label__anger 0.145988447218703
__label__joy 0.21425243470630506 __label__sadness 0.19035466422938943 __label__surprise 0.16876981981831146 __label__anger 0.14343786538733216 __label__disgust 0.1424385080949103 __label__fear 0.14074670776375156
__label__joy 0.18319125564959318 __label__sadness 0.17196379001766898 __label__fear 0.16761703741851539 __label__surprise 0.16585973294116116 __label__anger 0.15779643157425985 __label__disgust 0.15357175239880141
__label__joy 0.2000660537877359 __label__sadness 0.17550692306355814 __label__fear 0.17151998736310126 __label__surprise 0.16063016301138522 __label__anger 0.15572783362170403 __label__disgust 0.13654903915251526
__label__joy 0.17506014835073047 __label__anger 0.17267133361132178 __label__fear 0.1677879991937484 __label__sadness 0.16753694436335997 __label__disgust 0.15943448318912481 __label__surprise 0.15750909129171464
__label__joy 0.18078579522270413 __label__surprise 0.17815626371647167 __label__fear 0.17241439446331866 __label__sadness 0.1620886528303692 __label__anger 0.1602275893563533 __label__disgust 0.14632730441078298
__label__fear 0.18529227981991214 __label__surprise 0.18221046423878098 __label__joy 0.18156784146019594 __label__sadness 0.15943121588772682 __label__anger 0.15248337908551352 __label__disgust 0.1390148195078706
__label__fear 0.17569717802286672 __label__anger 0.17389639714385555 __label__joy 0.1675739545496797 __label__surprise 0.16534454660140926 __label__sadness 0.15965833286141623 __label__disgust 0.15782959082077255
__label__fear 0.19841235103766713 __label__joy 0.17235449456356222 __label__surprise 0.16169069736885797 __label__sadness 0.15920527319233838 __label__disgust 0.15595508022739774 __label__anger 0.15238210361017662
__label__joy 0.18730600398984126 __label__fear 0.17684813048168255 __label__surprise 0.1717059569293353 __label__sadness 0.1661328985254605 __label__anger 0.1568540511136988 __label__disgust 0.14115295895998167
__label__joy 0.1801474103337448 __label__fear 0.17546044708705222 __label__anger 0.1674929253562809 __label__sadness 0.1662336173038383 __label__surprise 0.15553242536420456 __label__disgust 0.15513317455487938
__label__fear 0.17901451275631358 __label__surprise 0.17643817714499235 __label__anger 0.1747710954475167 __label__disgust 0.162369832987451 __label__joy 0.158568392180204 __label__sadness 0.14883798948352234
__label__fear 0.18454388340211234 __label__anger 0.17788694141850642 __label__joy 0.16524328296801893 __label__sadness 0.1617436401293617 __label__surprise 0.1603873751801093 __label__disgust 0.15019487690189123
__label__joy 0.1853535859791366 __label__surprise 0.18375326274460518 __label__sadness 0.17181552655582966 __label__anger 0.16239583336758504 __label__fear 0.14836270370032273 __label__disgust 0.14831908765252072
__label__joy 0.19358126118508973 __label__sadness 0.17011949862582423 __label__fear 0.1671576974389147 __label__anger 0.16619328809380737 __label__surprise 0.15912732598417234 __label__disgust 0.14382092867219168
__label__fear 0.18647509684191527 __label__surprise 0.17827669474246413 __label__joy 0.16939474218639294 __label__anger 0.16459691815126684 __label__sadness 0.1572662144329763 __label__disgust 0.14399033364498448
__label__sadness 0.18120187945342972 __label__fear 0.17584050585873115 __label__anger 0.17241521545661198 __label__joy 0.16709518486403777 __label__surprise 0.1607129556603546 __label__disgust 0.14273425870683484
__label__fear 0.19481372818217818 __label__joy 0.17362467802221157 __label__surprise 0.16679080597265328 __label__anger 0.15894383412247087 __label__sadness 0.1579059970450529 __label__disgust 0.14792095665543317
__label__surprise 0.18123080646702627 __label__joy 0.17553039633398237 __label__fear 0.17542254696127155 __label__sadness 0.1681225927810959 __label__anger 0.15792110244692759 __label__disgust 0.1417725550096963
__label__fear 0.1842989662681214 __label__anger 0.172966753911338 __label__sadness 0.16732179712645331 __label__surprise 0.15954141643695974 __label__disgust 0.15868461518684226 __label__joy 0.1571864510702853
__label__joy 0.18238421555781695 __label__sadness 0.1740794040275156 __label__anger 0.17149852497891882 __label__surprise 0.16501085712573502 __label__fear 0.15766783726956907 __label__disgust 0.14935916104044455
__label__joy 0.18716326621161225 __label__sadness 0.16754522256935944 __label__fear 0.16591836675109237 __label__anger 0.16457722606494457 __label__surprise 0.16236576209925066 __label__disgust 0.15243015630374068
__label__joy 0.18839609696084744 __label__fear 0.1748371980927269 __label__sadness 0.17408534564653613 __label__anger 0.16636307138140202 __label__surprise 0.14835983919498216 __label__disgust 0.14795844872350544
__label__joy 0.18152431399653735 __label__sadness 0.1741481122398503 __label__fear 0.1676531275351269 __label__anger 0.16632312726369095 __label__surprise 0.1620778357569643 __label__disgust 0.1482734832078303
__label__joy 0.1798833093201647 __label__sadness 0.1740845157624529 __label__anger 0.1736107631198231 __label__fear 0.15873875424568298 __label__surprise 0.15728113285012982 __label__disgust 0.15640152470174656
__label__joy 0.18586739565895277 __label__sadness 0.17165734509135153 __label__fear 0.16696802732679583 __label__anger 0.16691933618291566 __label__surprise 0.16612039665040307 __label__disgust 0.14246749908958123
__label__sadness 0.17887603474228256 __label__fear 0.17247944751158753 __label__surprise 0.16941175038535813 __label__joy 0.16689754772183218 __label__disgust 0.15846696679890016 __label__anger 0.1538682528400395
__label__joy 0.19462913729478712 __label__sadness 0.19278827116720254 __label__surprise 0.1738183453552857 __label__anger 0.1577845112426221 __label__fear 0.1470136584475338 __label__disgust 0.13396607649256867
__label__joy 0.18173498112875025 __label__sadness 0.17640288173734722 __label__fear 0.16727798971239535 __label__surprise 0.16673759449454553 __label__anger 0.15594139182227512 __label__disgust 0.1519051611046865
__label__anger 0.17162231894623622 __label__fear 0.16946393003608098 __label__sadness 0.1693587361085364 __label__joy 0.16727552628105213 __label__surprise 0.16281418808753245 __label__disgust 0.15946530054056182
__label__fear 0.18693052885902245 __label__joy 0.175459645775607 __label__surprise 0.16911798679599097 __label__sadness 0.16366168816539853 __label__disgust 0.15414656145507127 __label__anger 0.1506835889489099
__label__fear 0.19641762985283465 __label__surprise 0.18599111578519723 __label__anger 0.1616948151284342 __label__joy 0.1582392549315175 __label__disgust 0.15739344659558047 __label__sadness 0.140263737706436
__label__anger 0.19444630333899757 __label__sadness 0.17705330894542506 __label__joy 0.1683391311353399 __label__fear 0.16275887580798434 __label__surprise 0.1489603289744941 __label__disgust 0.1484420517977591
__label__fear 0.19217273250246686 __label__anger 0.16752342557275637 __label__sadness 0.16701274799924568 __label__disgust 0.16189468576956287 __label__joy 0.15902424836862789 __label__surprise 0.1523721597873404
__label__surprise 0.17881143767493862 __label__joy 0.1772865723606638 __label__fear 0.17476712691497154 __label__sadness 0.169190328639005 __label__anger 0.1588438708909847 __label__disgust 0.14110066351943618
__label__sadness 0.17748301618197307 __label__joy 0.17610072249609604 __label__surprise 0.16885575465182348 __label__fear 0.1661254392419235 __label__anger 0.15807139986871915 __label__disgust 0.1533636675594648
__label__joy 0.19707303248733568 __label__sadness 0.17652220548245567 __label__fear 0.1693770034500425 __label__surprise 0.16533204393008444 __label__anger 0.1533279322658388 __label__disgust 0.13836778238424294
__label__surprise 0.17602196097312522 __label__fear 0.17448142911988818 __label__joy 0.1729933497918309 __label__anger 0.1696127515248961 __label__sadness 0.16371590940478783 __label__disgust 0.14317459918547168
__label__surprise 0.17578680525902496 __label__joy 0.16996321137977094 __label__anger 0.16820348836539953 __label__disgust 0.16534353028997545 __label__sadness 0.16384836979236164 __label__fear 0.15685459491346732
__label__sadness 0.18680482993280495 __label__fear 0.1781311630095653 __label__surprise 0.16535379500598055 __label__anger 0.16429312829530132 __label__joy 0.1565339036707467 __label__disgust 0.14888318008560117
__label__fear 0.18475342923033622 __label__joy 0.179182431958601 __label__surprise 0.17196238765956887 __label__anger 0.16473458196313662 __label__sadness 0.16175752966655765 __label__disgust 0.13760963952179964
__label__sadness 0.18195798848139755 __label__joy 0.1747693878667123 __label__fear 0.16931982259975076 __label__anger 0.1678120104810352 __label__surprise 0.1567163615026455 __label__disgust 0.14942442906845865
__label__fear 0.17538280698421926 __label__joy 0.17404716990683364 __label__sadness 0.17297372620127457 __label__anger 0.16850050827754212 __label__surprise 0.16140430537023379 __label__disgust 0.1476914832598967
__label__fear 0.18162231920169095 __label__surprise 0.1796484261149036 __label__joy 0.17473676674322786 __label__anger 0.16373744508091484 __label__sadness 0.15950422472326034 __label__disgust 0.14075081813600263
__label__fear 0.1936546350917845 __label__anger 0.17520335607997825 __label__joy 0.17357745272342298 __label__disgust 0.15603591289077284 __label__surprise 0.15379365079673846 __label__sadness 0.14773499241730298
__label__joy 0.18640353236756071 __label__fear 0.18290718500927156 __label__sadness 0.171528326592756 __label__anger 0.16520328399215312 __label__surprise 0.1528751584784299 __label__disgust 0.14108251355982876
__label__joy 0.1924438016439785 __label__sadness 0.17391141427569642 __label__fear 0.16387974445922193 __label__anger 0.1616191396231926 __label__surprise 0.16008037392375413 __label__disgust 0.1480655260741564
__label__joy 0.18920084322596026 __label__sadness 0.18485552717512266 __label__fear 0.1693197685920484 __label__anger 0.1683343804769792 __label__surprise 0.15109125985870242 __label__disgust 0.13719822067118714
__label__fear 0.18677666801438766 __label__anger 0.17352084892925157 __label__surprise 0.16704644621902448 __label__sadness 0.16324699120825695 __label__joy 0.16128839646851456 __label__disgust 0.14812064916056472
__label__fear 0.1916247138533781 __label__surprise 0.17540325064559942 __label__disgust 0.17085804254075368 __label__anger 0.16337602209556712 __label__joy 0.15687841759364338 __label__sadness 0.14185955327105831
__label__joy 0.17876525261998175 __label__surprise 0.17772825400178244 __label__fear 0.17187633484029163 __label__anger 0.16053190160118652 __label__disgust 0.15661902334315259 __label__sadness 0.15447923359360508
__label__joy 0.18640353236756071 __label__fear 0.18290718500927156 __label__sadness 0.171528326592756 __label__anger 0.16520328399215312 __label__surprise 0.1528751584784299 __label__disgust 0.14108251355982876
__label__sadness 0.18680482993280495 __label__fear 0.1781311630095653 __label__surprise 0.16535379500598055 __label__anger 0.16429312829530132 __label__joy 0.1565339036707467 __label__disgust 0.14888318008560117
__label__joy 0.1778615882558977 __label__anger 0.1758506261863871 __label__fear 0.17511434952664934 __label__sadness 0.16957517462942862 __label__surprise 0.15385411597397586 __label__disgust 0.14774414542766132
__label__fear 0.17257216752644225 __label__joy 0.17220732925325996 __label__sadness 0.17103530677752074 __label__surprise 0.16899207494826796 __label__anger 0.16717534540641274 __label__disgust 0.1480177760880963
__label__anger 0.19064039762458962 __label__fear 0.183009428538181 __label__disgust 0.15898764512855126 __label__sadness 0.15881821387934011 __label__joy 0.15822587002216423 __label__surprise 0.1503184448071738
__label__joy 0.18563082166195782 __label__surprise 0.18118564932035064 __label__fear 0.16817449831529413 __label__sadness 0.16703272489798215 __label__disgust 0.150429235172419 __label__anger 0.14754707063199624
__label__fear 0.19545338722353553 __label__joy 0.171201556626774 __label__anger 0.1600057427055359 __label__sadness 0.15882159255070316 __label__disgust 0.1575999621153671 __label__surprise 0.1569177587780843
__label__surprise 0.18085461104919057 __label__sadness 0.17223804203772447 __label__anger 0.16928535828194685 __label__joy 0.16855048071489967 __label__fear 0.16391415938930287 __label__disgust 0.14515734852693563
__label__joy 0.17788054693211142 __label__fear 0.17479563631214234 __label__anger 0.17336483212374287 __label__sadness 0.16280709264007842 __label__surprise 0.1569209624192201 __label__disgust 0.15423092957270482
__label__fear 0.17650552687688603 __label__sadness 0.17421197668636054 __label__joy 0.17359736502378098 __label__surprise 0.17252742323606465 __label__anger 0.1633406528100642 __label__disgust 0.13981705536684358
__label__joy 0.17878813303644148 __label__sadness 0.17250883315080903 __label__anger 0.1677676575956996 __label__surprise 0.16662614962037614 __label__fear 0.16579154731840273 __label__disgust 0.14851767927827095
__label__fear 0.18431359828916516 __label__joy 0.18079737872824497 __label__sadness 0.16328064573938353 __label__anger 0.1629216369907234 __label__surprise 0.15753861285144724 __label__disgust 0.15114812740103584
__label__surprise 0.179403935011038 __label__joy 0.1762823330541395 __label__fear 0.1734173494600396 __label__anger 0.16924480072242465 __label__sadness 0.1524450840742365 __label__disgust 0.14920649767812177
__label__fear 0.17769025390527 __label__anger 0.173999611036665 __label__sadness 0.16708319374354466 __label__joy 0.16372556498511046 __label__surprise 0.16347630461604648 __label__disgust 0.15402507171336355
__label__joy 0.18035368572382043 __label__surprise 0.17817022577557529 __label__sadness 0.17121334511485858 __label__fear 0.16499085474368166 __label__anger 0.1591523583888176 __label__disgust 0.14611953025324642
__label__fear 0.1809082352452487 __label__joy 0.18063489233660054 __label__surprise 0.1693316370592768 __label__anger 0.16589962737183286 __label__sadness 0.16519461424984225 __label__disgust 0.13803099373719885
__label__joy 0.18633406418690526 __label__sadness 0.17091076513717837 __label__fear 0.16790035884195106 __label__surprise 0.1638587122111222 __label__anger 0.1631381501511553 __label__disgust 0.14785794947168773
__label__joy 0.19753019446666803 __label__fear 0.17113809584178796 __label__sadness 0.16789984377880543 __label__surprise 0.16735757657087766 __label__anger 0.15929567486481794 __label__disgust 0.13677861447704293
__label__sadness 0.17781184484778073 __label__anger 0.1741567200379265 __label__fear 0.17060290178709558 __label__disgust 0.16751339003512364 __label__joy 0.1658988810246384 __label__surprise 0.1440162622674352
__label__sadness 0.18231308027397353 __label__joy 0.1780296258533321 __label__anger 0.1778185262520578 __label__fear 0.16649837850230317 __label__disgust 0.15078298469024146 __label__surprise 0.14455740442809192
__label__surprise 0.178786569792954 __label__joy 0.17863381046835033 __label__fear 0.17157009570577184 __label__anger 0.16002705993467808 __label__sadness 0.156576629104659 __label__disgust 0.15440583499358684
__label__surprise 0.2080868962482389 __label__disgust 0.17240819142768082 __label__fear 0.15859136744202268 __label__joy 0.1573425938339061 __label__anger 0.1560220762549468 __label__sadness 0.14754887479320478
__label__fear 0.19585267935685352 __label__anger 0.1680583793642546 __label__surprise 0.166188796914455 __label__joy 0.1604647083665448 __label__sadness 0.15585774050995274 __label__disgust 0.15357769548793934
__label__fear 0.1790962400770733 __label__anger 0.17546794081623296 __label__sadness 0.17427737980861185 __label__joy 0.16674299910662307 __label__disgust 0.15536637122506472 __label__surprise 0.14904906896639397
__label__anger 0.19654154507997534 __label__fear 0.1845132765407619 __label__disgust 0.15901966425379344 __label__joy 0.1581982531765153 __label__sadness 0.1560631529648402 __label__surprise 0.1456641079841139
__label__joy 0.18566504453334182 __label__fear 0.18035777981976386 __label__sadness 0.16730243074787984 __label__surprise 0.1638022126049251 __label__anger 0.1585726602821662 __label__disgust 0.14429987201192307
__label__anger 0.18140795913535734 __label__fear 0.17483806160935123 __label__sadness 0.16526084678420577 __label__disgust 0.1650816552058573 __label__joy 0.16162070161425732 __label__surprise 0.15179077565097102
__label__joy 0.19190134808461853 __label__sadness 0.18404387103480926 __label__fear 0.1770977425946245 __label__anger 0.1576334303554236 __label__surprise 0.14795100770087527 __label__disgust 0.141372600229649
__label__joy 0.19416933305021963 __label__surprise 0.17528494652247242 __label__fear 0.17420644628189297 __label__anger 0.1560581812174168 __label__sadness 0.15551322569264672 __label__disgust 0.1447678672353515
__label__fear 0.180678174840791 __label__surprise 0.17666713454715638 __label__joy 0.16339662716743186 __label__anger 0.16103294134388602 __label__sadness 0.16056001233652603 __label__disgust 0.1576651097642088
__label__joy 0.18057158318874786 __label__anger 0.178403396257314 __label__sadness 0.17053043499513398 __label__fear 0.17006197712591595 __label__surprise 0.1505369014330954 __label__disgust 0.14989570699979288
__label__surprise 0.18384309164950074 __label__anger 0.17097787922533159 __label__fear 0.17038052162859096 __label__joy 0.16780556658101248 __label__sadness 0.162538238933341 __label__disgust 0.14445470198222315
__label__joy 0.18378780489445995 __label__fear 0.18357735393018795 __label__sadness 0.16691585371306783 __label__surprise 0.16146542383285675 __label__anger 0.1541551889336729 __label__disgust 0.15009837469575477
__label__fear 0.1843459058994692 __label__anger 0.17661823323528378 __label__sadness 0.16617481831527006 __label__disgust 0.16287914245607021 __label__joy 0.16221421390721352 __label__surprise 0.1477676861866933
__label__joy 0.19155135171273266 __label__fear 0.1794933320497956 __label__surprise 0.1674215376434745 __label__sadness 0.16222405729970998 __label__anger 0.15497339733268803 __label__disgust 0.14433632396159932
__label__anger 0.18616010859978271 __label__fear 0.18263099139540992 __label__joy 0.1653684684292676 __label__sadness 0.15707097825264224 __label__disgust 0.1552063866195602 __label__surprise 0.15356306670333714
__label__joy 0.1878150007340819 __label__surprise 0.1853972283167949 __label__anger 0.1640714473467969 __label__sadness 0.1633234682755772 __label__fear 0.1581995968537759 __label__disgust 0.14119325847297298
__label__sadness 0.17779539438767075 __label__anger 0.17749594009778957 __label__fear 0.1672577610862645 __label__joy 0.16320174458736308 __label__surprise 0.1593774270871018 __label__disgust 0.15487173275381022
__label__fear 0.18555331586207047 __label__joy 0.1780245292943736 __label__anger 0.174013686029436 __label__surprise 0.15830537022352836 __label__sadness 0.1569786675141798 __label__disgust 0.14712443107641168
__label__anger 0.19451405534216934 __label__fear 0.16795766119762878 __label__sadness 0.16769056345344288 __label__joy 0.1649492619960869 __label__disgust 0.1538681557279836 __label__surprise 0.1510203022826885
__label__joy 0.17788054693211142 __label__fear 0.17479563631214234 __label__anger 0.17336483212374287 __label__sadness 0.16280709264007842 __label__surprise 0.1569209624192201 __label__disgust 0.15423092957270482
__label__fear 0.1775950924641258 __label__surprise 0.16805466142506442 __label__joy 0.16804839352728504 __label__anger 0.16681523422340727 __label__sadness 0.16136854478740176 __label__disgust 0.15811807357271576
__label__anger 0.17843862138451025 __label__fear 0.17658288412315198 __label__sadness 0.16882896070889603 __label__joy 0.16821846842243532 __label__disgust 0.1552847061133698 __label__surprise 0.15264635924763667
__label__fear 0.1723810819384752 __label__sadness 0.16919840383179122 __label__joy 0.16830659444442622 __label__surprise 0.16546129051813707 __label__disgust 0.16259373896296636 __label__anger 0.16205889030420392
__label__joy 0.19255516763303027 __label__sadness 0.1856961043656706 __label__fear 0.160174269399672 __label__anger 0.1597379100657702 __label__surprise 0.15313361873805797 __label__disgust 0.14870292979779898
__label__joy 0.19593527138141048 __label__surprise 0.16814071975317355 __label__sadness 0.16560792508575442 __label__anger 0.1604328867298042 __label__fear 0.15950278427166767 __label__disgust 0.15038041277818956
__label__joy 0.1899519487752412 __label__sadness 0.17405312655064062 __label__surprise 0.16330324675717617 __label__fear 0.16258478953900748 __label__anger 0.15676265791879715 __label__disgust 0.15334423045913742
__label__joy 0.18038815176192677 __label__sadness 0.17580926410610453 __label__fear 0.17311221364860754 __label__surprise 0.16941673046297642 __label__anger 0.15095807980218176 __label__disgust 0.1503155602182031
__label__surprise 0.18123080646702627 __label__joy 0.17553039633398237 __label__fear 0.17542254696127155 __label__sadness 0.1681225927810959 __label__anger 0.15792110244692759 __label__disgust 0.1417725550096963
__label__fear 0.18454388340211234 __label__anger 0.17788694141850642 __label__joy 0.16524328296801893 __label__sadness 0.1617436401293617 __label__surprise 0.1603873751801093 __label__disgust 0.15019487690189123
__label__joy 0.19462913729478712 __label__sadness 0.19278827116720254 __label__surprise 0.1738183453552857 __label__anger 0.1577845112426221 __label__fear 0.1470136584475338 __label__disgust 0.13396607649256867
__label__joy 0.1847077432716631 __label__fear 0.18092682789179124 __label__surprise 0.1752152421898448 __label__sadness 0.16674291208449638 __label__anger 0.1490456721413678 __label__disgust 0.1433616024208367
__label__joy 0.18557816941584526 __label__surprise 0.1784828392427518 __label__sadness 0.16970531159312685 __label__anger 0.16888213238027094 __label__fear 0.16460050257131822 __label__disgust 0.1327510447966869
__label__fear 0.1856096080339217 __label__joy 0.1785191801384821 __label__anger 0.1671737752576262 __label__surprise 0.16642541564970112 __label__sadness 0.16362868626461285 __label__disgust 0.13864333465565604
__label__fear 0.1811528452759369 __label__anger 0.17584498127787265 __label__joy 0.1741198437212957 __label__disgust 0.15705213630850626 __label__sadness 0.15659934417633664 __label__surprise 0.15523084924005207
__label__fear 0.2001576133539385 __label__sadness 0.16820159440387422 __label__joy 0.16805759731820982 __label__anger 0.16423791359615086 __label__disgust 0.1520196008059723 __label__surprise 0.1473256805218544
__label__fear 0.20259043556310682 __label__joy 0.17554565020549537 __label__anger 0.1587010124586915 __label__surprise 0.1577131367869595 __label__sadness 0.15498786029400732 __label__disgust 0.15046190469173953
__label__surprise 0.18255618584578712 __label__fear 0.18145666279687875 __label__joy 0.17193922948478987 __label__sadness 0.16411972939423675 __label__anger 0.15755119052145525 __label__disgust 0.14237700195685232
__label__anger 0.1770146481715393 __label__fear 0.17680792681332286 __label__surprise 0.16631407651417615 __label__disgust 0.16405616500469247 __label__joy 0.16153429324684043 __label__sadness 0.15427289024942878
__label__joy 0.1916222958312969 __label__surprise 0.19021542233004818 __label__fear 0.1798850831420443 __label__sadness 0.1477998953827379 __label__disgust 0.14707245693597382 __label__anger 0.14340484637789883
__label__joy 0.18407051342496727 __label__sadness 0.17074655342972542 __label__anger 0.16716524587750003 __label__surprise 0.16590497964031395 __label__disgust 0.16097846172955677 __label__fear 0.1511342458979366
__label__fear 0.17346974922977013 __label__anger 0.16968667530376252 __label__disgust 0.1665272365833688 __label__surprise 0.16575844122614347 __label__sadness 0.16320199400163468 __label__joy 0.16135590365532035
__label__anger 0.1772792875884969 __label__fear 0.17062416581332762 __label__sadness 0.16736930566430555 __label__joy 0.16628437696351617 __label__disgust 0.1658790347810981 __label__surprise 0.15256382918925565
__label__joy 0.1853535859791366 __label__surprise 0.18375326274460518 __label__sadness 0.17181552655582966 __label__anger 0.16239583336758504 __label__fear 0.14836270370032273 __label__disgust 0.14831908765252072
__label__sadness 0.17887603474228256 __label__fear 0.17247944751158753 __label__surprise 0.16941175038535813 __label__joy 0.16689754772183218 __label__disgust 0.15846696679890016 __label__anger 0.1538682528400395
__label__fear 0.1925836428327344 __label__anger 0.1729739954794381 __label__sadness 0.1626723030232448 __label__joy 0.16147711650397056 __label__surprise 0.15614178364294828 __label__disgust 0.15415115851766373
__label__joy 0.1860409190187773 __label__surprise 0.18007144271164613 __label__fear 0.16653420598516827 __label__sadness 0.16566101438022768 __label__anger 0.16482057459866054 __label__disgust 0.13687184330551996
__label__anger 0.18289761817941277 __label__joy 0.1736175066288458 __label__fear 0.1725280895586429 __label__sadness 0.16990311729990848 __label__surprise 0.15343521819617797 __label__disgust 0.1476184501370122
__label__sadness 0.17402808920318286 __label__disgust 0.1724147551452586 __label__anger 0.1720478088795128 __label__fear 0.1697661910407043 __label__joy 0.16641046591320124 __label__surprise 0.1453326898181401
__label__fear 0.18372358236551098 __label__sadness 0.17483412329774053 __label__joy 0.17169809686526638 __label__surprise 0.16485668735448605 __label__anger 0.16283432994642064 __label__disgust 0.14205318017057542
__label__surprise 0.18495257460431827 __label__fear 0.17582539625578106 __label__joy 0.1751094310058676 __label__anger 0.16115867495624023 __label__sadness 0.15323069886196267 __label__disgust 0.14972322431583013
__label__joy 0.1827425970612448 __label__sadness 0.17733663860623058 __label__surprise 0.16718592487632766 __label__fear 0.16559797492911502 __label__anger 0.16439662301260433 __label__disgust 0.14274024151447762
__label__fear 0.1890634705255565 __label__joy 0.17918582961691557 __label__anger 0.16497397936226765 __label__surprise 0.16155451928421613 __label__disgust 0.15279826422596884 __label__sadness 0.15242393698507525
__label__fear 0.18649796493136014 __label__joy 0.17237347848657728 __label__surprise 0.1674729833642129 __label__sadness 0.16529980057715898 __label__anger 0.16078954115130845 __label__disgust 0.1475662314893822
__label__surprise 0.18984904674414957 __label__fear 0.17930003271262954 __label__joy 0.16698299451685747 __label__anger 0.16488769737819586 __label__sadness 0.1518760111334591 __label__disgust 0.14710421751470854
__label__sadness 0.1761982518075808 __label__joy 0.1760483927611293 __label__fear 0.17115630152465142 __label__anger 0.17034973127596614 __label__surprise 0.16217142935767317 __label__disgust 0.14407589327299916
__label__fear 0.18249901597262713 __label__sadness 0.18184215624616704 __label__anger 0.177594603205519 __label__joy 0.16375079218329308 __label__disgust 0.15489504218496664 __label__surprise 0.13941839020742702
__label__joy 0.17904950633563266 __label__fear 0.17488982784003362 __label__anger 0.1686566688066922 __label__sadness 0.16686431044931258 __label__surprise 0.1636957285324555 __label__disgust 0.14684395803587347
__label__fear 0.19242087385679466 __label__anger 0.18466111748963837 __label__sadness 0.1608590611750688 __label__surprise 0.15879319155168192 __label__disgust 0.15709057469463159 __label__joy 0.14617518123218462
__label__fear 0.17770828700218294 __label__joy 0.17638067197323906 __label__anger 0.1687841619555356 __label__sadness 0.16838905690783054 __label__surprise 0.16414537866642823 __label__disgust 0.14459244349478362
__label__fear 0.18191542091878965 __label__surprise 0.18107964143070848 __label__anger 0.16848357403980022 __label__disgust 0.1615721363268146 __label__sadness 0.1548888296254774 __label__joy 0.1520603976584097
__label__fear 0.17892317497849636 __label__joy 0.17539276218779865 __label__anger 0.1741506361884826 __label__sadness 0.17082225118256197 __label__surprise 0.1529043569810294 __label__disgust 0.1478068184816311
__label__fear 0.18279591279344065 __label__anger 0.17963529025865782 __label__surprise 0.17154268340911477 __label__joy 0.16237200268397045 __label__disgust 0.1581564263872508 __label__sadness 0.14549768446756559
__label__anger 0.18817822879248036 __label__fear 0.17292541040318238 __label__surprise 0.16841789496802412 __label__sadness 0.16501164156278642 __label__joy 0.15901442341031363 __label__disgust 0.1464524008632131
__label__fear 0.1818682177540167 __label__anger 0.17627276172824888 __label__surprise 0.1697610250543215 __label__joy 0.16376967144398227 __label__disgust 0.15589835301166796 __label__sadness 0.1524299710077628
__label__fear 0.18242523068476033 __label__anger 0.16837535952304383 __label__surprise 0.16557393564389175 __label__joy 0.16524099089153008 __label__sadness 0.16445748564199655 __label__disgust 0.1539269976147775
__label__fear 0.184711932741284 __label__surprise 0.17444028738658376 __label__joy 0.16706487238975382 __label__anger 0.16312292687461133 __label__disgust 0.1567123129260515 __label__sadness 0.15394766768171553
__label__fear 0.17586287931020053 __label__anger 0.17260207247712236 __label__joy 0.170229631726634 __label__sadness 0.1690966610598955 __label__surprise 0.16332034262807746 __label__disgust 0.14888841279807025
__label__anger 0.17902996902142793 __label__fear 0.17810929813788665 __label__joy 0.1705003035838793 __label__sadness 0.16584385726450016 __label__surprise 0.1536761116938179 __label__disgust 0.15284046029848816
__label__anger 0.18704807041875293 __label__fear 0.1711581028589335 __label__surprise 0.16651952541183943 __label__joy 0.16337307344414284 __label__sadness 0.15799783234655834 __label__disgust 0.15390339551977283
__label__disgust 0.18108124214185198 __label__joy 0.1736829498209243 __label__sadness 0.1701315208557126 __label__anger 0.16661864434996218 __label__fear 0.1591372738866929 __label__surprise 0.14934836894485606
__label__fear 0.17617969416679 __label__joy 0.17027912867661185 __label__surprise 0.16721122095746463 __label__sadness 0.16624316583642987 __label__anger 0.16519047372528256 __label__disgust 0.1548963166374211
__label__joy 0.1744322267743728 __label__sadness 0.16993602287721649 __label__surprise 0.1686113804673315 __label__fear 0.16767564718260528 __label__disgust 0.1636508698940488 __label__anger 0.15569385280442505
__label__joy 0.1788511249596118 __label__sadness 0.1725458981295938 __label__fear 0.16873710883335677 __label__surprise 0.16613136005144227 __label__anger 0.15745351831736273 __label__disgust 0.15628098970863263
__label__joy 0.17778476770222842 __label__fear 0.17414915967959765 __label__sadness 0.17129496615724182 __label__anger 0.16584452358319046 __label__surprise 0.16268244312481256 __label__disgust 0.14824413975292916
__label__fear 0.20443039580757852 __label__anger 0.17701990750950072 __label__surprise 0.1681129922179815 __label__sadness 0.15070053204452794 __label__joy 0.15059374109048929 __label__disgust 0.14914243132992208
__label__sadness 0.19442790254792752 __label__anger 0.1715935081160922 __label__joy 0.17146289864816247 __label__fear 0.16797606564147838 __label__disgust 0.15202253026603965 __label__surprise 0.14251709478029997
__label__fear 0.17739734969989612 __label__joy 0.17695746501689671 __label__anger 0.1716068885269229 __label__sadness 0.1703031701902375 __label__surprise 0.15823269559210212 __label__disgust 0.14550243097394472
__label__joy 0.17904950633563266 __label__fear 0.17488982784003362 __label__anger 0.1686566688066922 __label__sadness 0.16686431044931258 __label__surprise 0.1636957285324555 __label__disgust 0.14684395803587347
__label__fear 0.19099574245496417 __label__joy 0.16817194289719595 __label__sadness 0.16715310848893292 __label__anger 0.16360978006996021 __label__surprise 0.1603346416977718 __label__disgust 0.14973478439117488
__label__fear 0.18260003589733018 __label__joy 0.172094237611121 __label__sadness 0.17043112750690714 __label__anger 0.16915531253667793 __label__surprise 0.16307081426718212 __label__disgust 0.14264847218078155
__label__fear 0.18348891586687655 __label__anger 0.17641835462669828 __label__joy 0.1704569414306409 __label__sadness 0.1604756687597409 __label__surprise 0.15555876484376707 __label__disgust 0.15360135447227624
__label__fear 0.18899867044978502 __label__anger 0.16679415750265383 __label__surprise 0.1655569265870493 __label__joy 0.163450594633794 __label__sadness 0.15955294204443066 __label__disgust 0.15564670878228723
__label__anger 0.17772653203032762 __label__fear 0.17115709851846367 __label__disgust 0.16907565057330037 __label__sadness 0.16783670783245516 __label__joy 0.16187005333014015 __label__surprise 0.15233395771531305
__label__anger 0.18219137296993754 __label__fear 0.18152175037382562 __label__surprise 0.16511320447793715 __label__disgust 0.16047860340940773 __label__sadness 0.15927102537056503 __label__joy 0.151424043398327
__label__fear 0.1896099491559864 __label__anger 0.18247544472978663 __label__sadness 0.15905404988320987 __label__surprise 0.1583889891722429 __label__disgust 0.15637706207921906 __label__joy 0.15409450497955524
__label__fear 0.18886848980035964 __label__anger 0.1785069404506914 __label__joy 0.1726171289612144 __label__sadness 0.16610654912820608 __label__surprise 0.14959451381956398 __label__disgust 0.14430637783996447
__label__fear 0.18502489015903104 __label__anger 0.17520430033445983 __label__joy 0.16629920278422589 __label__surprise 0.16071754683916586 __label__sadness 0.15966886978206776 __label__disgust 0.15308519010104954
__label__fear 0.18014770134947847 __label__joy 0.17149456764116025 __label__surprise 0.16957708754441495 __label__anger 0.1652383253764885 __label__sadness 0.16424379905499567 __label__disgust 0.1492985190334622
__label__surprise 0.18213536257634017 __label__fear 0.17746262389895445 __label__joy 0.17718331639308152 __label__anger 0.1565636370890027 __label__disgust 0.1558726469943791 __label__sadness 0.15078241304824205
__label__sadness 0.189280797420441 __label__joy 0.18607506479886068 __label__anger 0.17034020362292646 __label__fear 0.16825735859970498 __label__disgust 0.14346016925942495 __label__surprise 0.142586406298642
__label__fear 0.17710228331129935 __label__surprise 0.17669141013832815 __label__joy 0.1677892612047677 __label__sadness 0.16642332305318272 __label__anger 0.1588141635375609 __label__disgust 0.15317955875486125
__label__fear 0.19226075993348243 __label__joy 0.17098664505243072 __label__anger 0.1647217986517335 __label__surprise 0.1629937657605325 __label__sadness 0.15702409799650935 __label__disgust 0.15201293260531148
__label__joy 0.19241078256623872 __label__sadness 0.16995440634183148 __label__anger 0.16823368152862242 __label__fear 0.16596508879103397 __label__disgust 0.16135250767004827 __label__surprise 0.14208353310222502
__label__joy 0.18078767313097013 __label__disgust 0.1716255512124832 __label__sadness 0.16461841426364182 __label__fear 0.16169823368611141 __label__anger 0.16166842742325674 __label__surprise 0.15960170028353665
__label__fear 0.1826009009451756 __label__anger 0.1784731863272411 __label__joy 0.17276571484261027 __label__sadness 0.16278752423631873 __label__disgust 0.15218135998614246 __label__surprise 0.1511913136625117
__label__joy 0.1752249161006544 __label__sadness 0.1726368094735438 __label__fear 0.1723657138821881 __label__surprise 0.16705128211949224 __label__anger 0.16291749313482717 __label__disgust 0.1498037852892942
__label__anger 0.17570186422136574 __label__fear 0.17473460517625625 __label__sadness 0.1747344912424355 __label__joy 0.16825762484401952 __label__surprise 0.15672912848782408 __label__disgust 0.14984228602809893
__label__anger 0.1795128898844723 __label__joy 0.17636676550214897 __label__surprise 0.17161700410412528 __label__sadness 0.1623977299826258 __label__fear 0.15665020514718667 __label__disgust 0.15345540537944113
__label__sadness 0.18466349267121052 __label__joy 0.1714221472552722 __label__disgust 0.1659218149575579 __label__anger 0.1651931273968047 __label__fear 0.16089057376123814 __label__surprise 0.15190884395791648
__label__sadness 0.18129903551057375 __label__joy 0.17809709219477693 __label__anger 0.17285882836370092 __label__fear 0.16160433232485347 __label__surprise 0.15555410616323545 __label__disgust 0.15058660544285954
__label__fear 0.19643606416434783 __label__joy 0.1690237192568064 __label__anger 0.16892076130757414 __label__surprise 0.1644987229327739 __label__sadness 0.15184872867838475 __label__disgust 0.1492720036601131
__label__joy 0.17607042731282593 __label__sadness 0.1731326910156313 __label__anger 0.17138796908834 __label__fear 0.1673294618477777 __label__disgust 0.15661649034101785 __label__surprise 0.1554629603944072
__label__surprise 0.1820078505120942 __label__joy 0.18113451311943463 __label__sadness 0.1679160155553283 __label__fear 0.16085885248182083 __label__anger 0.15596890088807192 __label__disgust 0.15211386744325026
__label__fear 0.18952401382515233 __label__joy 0.18014393791890584 __label__surprise 0.1653630376822999 __label__anger 0.15998632009566124 __label__sadness 0.1578749306021565 __label__disgust 0.14710775987582425
__label__sadness 0.17920329450443506 __label__joy 0.17245885274221975 __label__fear 0.16508835455360413 __label__surprise 0.1631232607766804 __label__disgust 0.16062926047089643 __label__anger 0.15949697695216422
__label__anger 0.17672603794527053 __label__disgust 0.17019829387108812 __label__fear 0.1672263831619424 __label__joy 0.16512788095519904 __label__sadness 0.16274853144979098 __label__surprise 0.157972872616709
__label__joy 0.181611302187717 __label__fear 0.17111006512824095 __label__sadness 0.1697609758920406 __label__surprise 0.16448925725828847 __label__anger 0.15972687430933175 __label__disgust 0.15330152522438129
__label__joy 0.17418072411416 __label__surprise 0.17149292224848797 __label__sadness 0.17147389669509863 __label__anger 0.16201804245602922 __label__fear 0.1617702114274817 __label__disgust 0.15906420305874244
__label__joy 0.18551679729570403 __label__anger 0.17592565826962647 __label__fear 0.16662468679922968 __label__sadness 0.16440120361978955 __label__disgust 0.15653582995085058 __label__surprise 0.1509958240647998
