__label__anger 0.17273627704621564 __label__sadness 0.16957360434238103 __label__surprise 0.1695135259420988 __label__joy 0.16811281931469846 __label__fear 0.16671226111766316 __label__disgust 0.1533515122369429
__label__joy 0.2058116245689041 __label__surprise 0.17496463353005187 __label__sadness 0.16212062598064572 __label__disgust 0.15443030126380025 __label__anger 0.15432400813829397 __label__fear 0.14834880651830415
__label__fear 0.20544380538597448 __label__joy 0.17248866879508903 __label__anger 0.16808815518430498 __label__surprise 0.15808010523282334 __label__sadness 0.15802491032858157 __label__disgust 0.13787435507322668
__label__anger 0.18216822770030575 __label__fear 0.17117341899352279 __label__surprise 0.16881761201504597 __label__joy 0.1628323590037963 __label__sadness 0.15942304440794078 __label__disgust 0.15558533787938839
__label__joy 0.1747342331392338 __label__fear 0.17264719795764452 __label__sadness 0.17139396410013327 __label__anger 0.1647579352859574 __label__surprise 0.1593647040651708 __label__disgust 0.15710196545186023
__label__joy 0.17904761394304275 __label__sadness 0.17139921411657588 __label__fear 0.17038490698904601 __label__surprise 0.16754556192321934 __label__anger 0.16068089196778224 __label__disgust 0.15094181106033386
__label__joy 0.18582630978684117 __label__sadness 0.18069351609037695 __label__anger 0.16885474751273621 __label__surprise 0.1599784862910797 __label__fear 0.15279494699712315 __label__disgust 0.1518519933218429
__label__sadness 0.1796531746353684 __label__joy 0.17736951246693908 __label__surprise 0.16735732871326262 __label__fear 0.16697420604536892 __label__disgust 0.16265733092035797 __label__anger 0.145988447218703
__label__joy 0.21425243470630506 __label__sadness 0.19035466422938943 __label__surprise 0.16876981981831146 __label__anger 0.14343786538733216 __label__disgust 0.1424385080949103 __label__fear 0.14074670776375156
__label__joy 0.18319125564959318 __label__sadness 0.17196379001766898 __label__fear 0.16761703741851539 __label__surprise 0.16585973294116116 __label__anger 0.15779643157425985 __label__disgust 0.15357175239880141
__label__joy 0.20006605378773595 __label__sadness 0.17550692306355817 __label__fear 0.17151998736310128 __label__surprise 0.16063016301138525 __label__anger 0.15572783362170406 __label__disgust 0.1365490391525153
__label__joy 0.17506014835073047 __label__anger 0.17267133361132178 __label__fear 0.1677879991937484 __label__sadness 0.16753694436335997 __label__disgust 0.15943448318912481 __label__surprise 0.15750909129171464
__label__joy 0.18078579522270413 __label__surprise 0.17815626371647167 __label__fear 0.17241439446331866 __label__sadness 0.1620886528303692 __label__anger 0.1602275893563533 __label__disgust 0.14632730441078298
__label__fear 0.18529227981991214 __label__surprise 0.18221046423878098 __label__joy 0.18156784146019594 __label__sadness 0.15943121588772682 __label__anger 0.15248337908551352 __label__disgust 0.1390148195078706
__label__fear 0.17569717802286672 __label__anger 0.17389639714385555 __label__joy 0.1675739545496797 __label__surprise 0.16534454660140926 __label__sadness 0.15965833286141623 __label__disgust 0.15782959082077255
__label__fear 0.19841235103766713 __label__joy 0.17235449456356222 __label__surprise 0.16169069736885797 __label__sadness 0.15920527319233838 __label__disgust 0.15595508022739774 __label__anger 0.15238210361017662
__label__joy 0.18730600398984124 __label__fear 0.17684813048168252 __label__surprise 0.17170595692933527 __label__sadness 0.16613289852546048 __label__anger 0.15685405111369877 __label__disgust 0.14115295895998164
__label__joy 0.18014741033374476 __label__fear 0.1754604470870522 __label__anger 0.16749292535628088 __label__sadness 0.16623361730383826 __label__surprise 0.15553242536420453 __label__disgust 0.15513317455487935
__label__fear 0.17901451275631358 __label__surprise 0.17643817714499235 __label__anger 0.1747710954475167 __label__disgust 0.162369832987451 __label__joy 0.158568392180204 __label__sadness 0.14883798948352234
__label__fear 0.18454388340211234 __label__anger 0.17788694141850642 __label__joy 0.16524328296801893 __label__sadness 0.1617436401293617 __label__surprise 0.1603873751801093 __label__disgust 0.15019487690189123
__label__joy 0.18535358597913662 __label__surprise 0.18375326274460524 __label__sadness 0.17181552655582968 __label__anger 0.16239583336758506 __label__fear 0.14836270370032276 __label__disgust 0.14831908765252075
__label__joy 0.1935812611850897 __label__sadness 0.1701194986258242 __label__fear 0.16715769743891468 __label__anger 0.16619328809380735 __label__surprise 0.1591273259841723 __label__disgust 0.14382092867219165
__label__fear 0.18647509684191527 __label__surprise 0.17827669474246413 __label__joy 0.16939474218639294 __label__anger 0.16459691815126684 __label__sadness 0.1572662144329763 __label__disgust 0.14399033364498448
__label__sadness 0.18120187945342972 __label__fear 0.17584050585873115 __label__anger 0.17241521545661198 __label__joy 0.16709518486403777 __label__surprise 0.1607129556603546 __label__disgust 0.14273425870683484
__label__fear 0.19481372818217818 __label__joy 0.17362467802221157 __label__surprise 0.16679080597265328 __label__anger 0.15894383412247087 __label__sadness 0.1579059970450529 __label__disgust 0.14792095665543317
__label__surprise 0.18123080646702627 __label__joy 0.17553039633398237 __label__fear 0.17542254696127155 __label__sadness 0.1681225927810959 __label__anger 0.15792110244692759 __label__disgust 0.1417725550096963
__label__fear 0.1842989662681214 __label__anger 0.172966753911338 __label__sadness 0.16732179712645331 __label__surprise 0.15954141643695974 __label__disgust 0.15868461518684226 __label__joy 0.1571864510702853
__label__joy 0.18238421555781695 __label__sadness 0.1740794040275156 __label__anger 0.17149852497891882 __label__surprise 0.16501085712573502 __label__fear 0.15766783726956907 __label__disgust 0.14935916104044455
__label__joy 0.18716326621161225 __label__sadness 0.16754522256935944 __label__fear 0.16591836675109237 __label__anger 0.16457722606494457 __label__surprise 0.16236576209925066 __label__disgust 0.15243015630374068
__label__joy 0.18839609696084744 __label__fear 0.1748371980927269 __label__sadness 0.17408534564653613 __label__anger 0.16636307138140202 __label__surprise 0.14835983919498216 __label__disgust 0.14795844872350544
__label__joy 0.18152431399653732 __label__sadness 0.17414811223985027 __label__fear 0.16765312753512687 __label__anger 0.16632312726369092 __label__surprise 0.16207783575696427 __label__disgust 0.14827348320783026
__label__joy 0.1798833093201647 __label__sadness 0.1740845157624529 __label__anger 0.1736107631198231 __label__fear 0.15873875424568298 __label__surprise 0.15728113285012982 __label__disgust 0.15640152470174656
__label__joy 0.18586739565895274 __label__sadness 0.1716573450913515 __label__fear 0.1669680273267958 __label__anger 0.16691933618291563 __label__surprise 0.16612039665040304 __label__disgust 0.1424674990895812
__label__sadness 0.17887603474228253 __label__fear 0.1724794475115875 __label__surprise 0.1694117503853581 __label__joy 0.16689754772183216 __label__disgust 0.15846696679890013 __label__anger 0.15386825284003947
__label__joy 0.19462913729478712 __label__sadness 0.19278827116720254 __label__surprise 0.1738183453552857 __label__anger 0.1577845112426221 __label__fear 0.1470136584475338 __label__disgust 0.13396607649256867
__label__joy 0.18173498112875025 __label__sadness 0.17640288173734722 __label__fear 0.16727798971239535 __label__surprise 0.16673759449454553 __label__anger 0.15594139182227512 __label__disgust 0.1519051611046865
__label__anger 0.17162231894623622 __label__fear 0.16946393003608098 __label__sadness 0.1693587361085364 __label__joy 0.16727552628105213 __label__surprise 0.16281418808753245 __label__disgust 0.15946530054056182
__label__fear 0.18693052885902242 __label__joy 0.17545964577560696 __label__surprise 0.16911798679599094 __label__sadness 0.1636616881653985 __label__disgust 0.15414656145507125 __label__anger 0.1506835889489099
__label__fear 0.19641762985283465 __label__surprise 0.18599111578519723 __label__anger 0.1616948151284342 __label__joy 0.1582392549315175 __label__disgust 0.15739344659558047 __label__sadness 0.140263737706436
__label__anger 0.19444630333899754 __label__sadness 0.17705330894542504 __label__joy 0.16833913113533988 __label__fear 0.16275887580798432 __label__surprise 0.14896032897449407 __label__disgust 0.14844205179775907
__label__fear 0.19217273250246686 __label__anger 0.16752342557275637 __label__sadness 0.16701274799924568 __label__disgust 0.16189468576956287 __label__joy 0.15902424836862789 __label__surprise 0.1523721597873404
__label__surprise 0.17881143767493865 __label__joy 0.17728657236066384 __label__fear 0.17476712691497157 __label__sadness 0.16919032863900502 __label__anger 0.15884387089098473 __label__disgust 0.1411006635194362
__label__sadness 0.17748301618197307 __label__joy 0.17610072249609604 __label__surprise 0.16885575465182348 __label__fear 0.1661254392419235 __label__anger 0.15807139986871915 __label__disgust 0.1533636675594648
__label__joy 0.19707303248733568 __label__sadness 0.17652220548245567 __label__fear 0.1693770034500425 __label__surprise 0.16533204393008444 __label__anger 0.1533279322658388 __label__disgust 0.13836778238424294
__label__surprise 0.17602196097312525 __label__fear 0.1744814291198882 __label__joy 0.17299334979183092 __label__anger 0.16961275152489613 __label__sadness 0.16371590940478786 __label__disgust 0.14317459918547168
__label__surprise 0.175786805259025 __label__joy 0.16996321137977097 __label__anger 0.16820348836539956 __label__disgust 0.16534353028997548 __label__sadness 0.16384836979236167 __label__fear 0.15685459491346734
__label__sadness 0.18680482993280495 __label__fear 0.1781311630095653 __label__surprise 0.16535379500598055 __label__anger 0.16429312829530132 __label__joy 0.1565339036707467 __label__disgust 0.14888318008560117
__label__fear 0.18475342923033622 __label__joy 0.179182431958601 __label__surprise 0.17196238765956887 __label__anger 0.16473458196313662 __label__sadness 0.16175752966655765 __label__disgust 0.13760963952179964
__label__sadness 0.18195798848139755 __label__joy 0.1747693878667123 __label__fear 0.16931982259975076 __label__anger 0.1678120104810352 __label__surprise 0.1567163615026455 __label__disgust 0.14942442906845865
__label__fear 0.17538280698421924 __label__joy 0.1740471699068336 __label__sadness 0.17297372620127457 __label__anger 0.1685005082775421 __label__surprise 0.16140430537023376 __label__disgust 0.1476914832598967
__label__fear 0.18162231920169095 __label__surprise 0.1796484261149036 __label__joy 0.17473676674322786 __label__anger 0.16373744508091484 __label__sadness 0.15950422472326034 __label__disgust 0.14075081813600263
__label__fear 0.1936546350917845 __label__anger 0.17520335607997825 __label__joy 0.17357745272342298 __label__disgust 0.15603591289077284 __label__surprise 0.15379365079673846 __label__sadness 0.14773499241730298
__label__joy 0.1864035323675607 __label__fear 0.18290718500927153 __label__sadness 0.17152832659275596 __label__anger 0.1652032839921531 __label__surprise 0.15287515847842986 __label__disgust 0.14108251355982873
__label__joy 0.1924438016439785 __label__sadness 0.17391141427569642 __label__fear 0.16387974445922193 __label__anger 0.1616191396231926 __label__surprise 0.16008037392375413 __label__disgust 0.1480655260741564
__label__joy 0.18920084322596026 __label__sadness 0.18485552717512266 __label__fear 0.1693197685920484 __label__anger 0.1683343804769792 __label__surprise 0.15109125985870242 __label__disgust 0.13719822067118714
__label__fear 0.18677666801438772 __label__anger 0.1735208489292516 __label__surprise 0.1670464462190245 __label__sadness 0.16324699120825698 __label__joy 0.1612883964685146 __label__disgust 0.14812064916056475
__label__fear 0.1916247138533781 __label__surprise 0.17540325064559942 __label__disgust 0.17085804254075368 __label__anger 0.16337602209556712 __label__joy 0.15687841759364338 __label__sadness 0.14185955327105831
__label__joy 0.17876525261998177 __label__surprise 0.17772825400178247 __label__fear 0.1718763348402917 __label__anger 0.16053190160118655 __label__disgust 0.1566190233431526 __label__sadness 0.1544792335936051
__label__joy 0.1864035323675607 __label__fear 0.18290718500927153 __label__sadness 0.17152832659275596 __label__anger 0.1652032839921531 __label__surprise 0.15287515847842986 __label__disgust 0.14108251355982873
__label__sadness 0.18680482993280495 __label__fear 0.1781311630095653 __label__surprise 0.16535379500598055 __label__anger 0.16429312829530132 __label__joy 0.1565339036707467 __label__disgust 0.14888318008560117
__label__joy 0.1778615882558977 __label__anger 0.1758506261863871 __label__fear 0.17511434952664934 __label__sadness 0.16957517462942862 __label__surprise 0.15385411597397586 __label__disgust 0.14774414542766132
__label__fear 0.17257216752644225 __label__joy 0.17220732925325996 __label__sadness 0.17103530677752074 __label__surprise 0.16899207494826796 __label__anger 0.16717534540641274 __label__disgust 0.1480177760880963
__label__anger 0.19064039762458962 __label__fear 0.183009428538181 __label__disgust 0.15898764512855126 __label__sadness 0.15881821387934011 __label__joy 0.15822587002216423 __label__surprise 0.1503184448071738
__label__joy 0.18563082166195782 __label__surprise 0.18118564932035064 __label__fear 0.16817449831529413 __label__sadness 0.16703272489798215 __label__disgust 0.150429235172419 __label__anger 0.14754707063199624
__label__fear 0.19545338722353553 __label__joy 0.171201556626774 __label__anger 0.1600057427055359 __label__sadness 0.15882159255070316 __label__disgust 0.1575999621153671 __label__surprise 0.1569177587780843
__label__surprise 0.18085461104919057 __label__sadness 0.17223804203772447 __label__anger 0.16928535828194685 __label__joy 0.16855048071489967 __label__fear 0.16391415938930287 __label__disgust 0.14515734852693563
__label__joy 0.17788054693211144 __label__fear 0.17479563631214237 __label__anger 0.1733648321237429 __label__sadness 0.16280709264007845 __label__surprise 0.15692096241922013 __label__disgust 0.15423092957270484
__label__fear 0.17650552687688603 __label__sadness 0.17421197668636054 __label__joy 0.17359736502378098 __label__surprise 0.17252742323606465 __label__anger 0.1633406528100642 __label__disgust 0.13981705536684358
__label__joy 0.1787881330364415 __label__sadness 0.17250883315080906 __label__anger 0.16776765759569962 __label__surprise 0.16662614962037617 __label__fear 0.16579154731840273 __label__disgust 0.14851767927827098
__label__fear 0.18431359828916516 __label__joy 0.18079737872824497 __label__sadness 0.16328064573938353 __label__anger 0.1629216369907234 __label__surprise 0.15753861285144724 __label__disgust 0.15114812740103584
__label__surprise 0.17940393501103802 __label__joy 0.17628233305413954 __label__fear 0.17341734946003962 __label__anger 0.16924480072242468 __label__sadness 0.15244508407423651 __label__disgust 0.1492064976781218
__label__fear 0.17769025390526996 __label__anger 0.17399961103666498 __label__sadness 0.16708319374354463 __label__joy 0.16372556498511043 __label__surprise 0.16347630461604645 __label__disgust 0.15402507171336352
__label__joy 0.18035368572382043 __label__surprise 0.17817022577557529 __label__sadness 0.17121334511485858 __label__fear 0.16499085474368166 __label__anger 0.1591523583888176 __label__disgust 0.14611953025324642
__label__fear 0.1809082352452487 __label__joy 0.18063489233660054 __label__surprise 0.1693316370592768 __label__anger 0.16589962737183286 __label__sadness 0.16519461424984225 __label__disgust 0.13803099373719885
__label__joy 0.18633406418690526 __label__sadness 0.17091076513717837 __label__fear 0.16790035884195106 __label__surprise 0.1638587122111222 __label__anger 0.1631381501511553 __label__disgust 0.14785794947168773
__label__joy 0.19753019446666803 __label__fear 0.17113809584178796 __label__sadness 0.16789984377880543 __label__surprise 0.16735757657087766 __label__anger 0.15929567486481794 __label__disgust 0.13677861447704293
__label__sadness 0.1778118448477807 __label__anger 0.17415672003792648 __label__fear 0.17060290178709556 __label__disgust 0.1675133900351236 __label__joy 0.16589888102463837 __label__surprise 0.14401626226743516
__label__sadness 0.18231308027397353 __label__joy 0.1780296258533321 __label__anger 0.1778185262520578 __label__fear 0.16649837850230317 __label__disgust 0.15078298469024146 __label__surprise 0.14455740442809192
__label__surprise 0.17878656979295396 __label__joy 0.1786338104683503 __label__fear 0.1715700957057718 __label__anger 0.16002705993467806 __label__sadness 0.156576629104659 __label__disgust 0.15440583499358682
__label__surprise 0.2080868962482389 __label__disgust 0.17240819142768082 __label__fear 0.15859136744202268 __label__joy 0.1573425938339061 __label__anger 0.1560220762549468 __label__sadness 0.14754887479320478
__label__fear 0.19585267935685352 __label__anger 0.1680583793642546 __label__surprise 0.166188796914455 __label__joy 0.1604647083665448 __label__sadness 0.15585774050995274 __label__disgust 0.15357769548793934
__label__fear 0.17909624007707334 __label__anger 0.175467940816233 __label__sadness 0.17427737980861188 __label__joy 0.1667429991066231 __label__disgust 0.15536637122506475 __label__surprise 0.14904906896639397
__label__anger 0.1965415450799753 __label__fear 0.18451327654076188 __label__disgust 0.1590196642537934 __label__joy 0.15819825317651529 __label__sadness 0.15606315296484016 __label__surprise 0.1456641079841139
__label__joy 0.18566504453334184 __label__fear 0.1803577798197639 __label__sadness 0.16730243074787984 __label__surprise 0.16380221260492514 __label__anger 0.15857266028216624 __label__disgust 0.1442998720119231
__label__anger 0.18140795913535737 __label__fear 0.17483806160935125 __label__sadness 0.1652608467842058 __label__disgust 0.16508165520585732 __label__joy 0.16162070161425734 __label__surprise 0.15179077565097104
__label__joy 0.1919013480846185 __label__sadness 0.1840438710348092 __label__fear 0.17709774259462446 __label__anger 0.15763343035542357 __label__surprise 0.14795100770087524 __label__disgust 0.14137260022964898
__label__joy 0.19416933305021963 __label__surprise 0.17528494652247242 __label__fear 0.17420644628189297 __label__anger 0.1560581812174168 __label__sadness 0.15551322569264672 __label__disgust 0.1447678672353515
__label__fear 0.180678174840791 __label__surprise 0.17666713454715638 __label__joy 0.16339662716743186 __label__anger 0.16103294134388602 __label__sadness 0.16056001233652603 __label__disgust 0.1576651097642088
__label__joy 0.18057158318874783 __label__anger 0.17840339625731397 __label__sadness 0.17053043499513396 __label__fear 0.17006197712591592 __label__surprise 0.15053690143309537 __label__disgust 0.14989570699979285
__label__surprise 0.18384309164950077 __label__anger 0.1709778792253316 __label__fear 0.170380521628591 __label__joy 0.1678055665810125 __label__sadness 0.16253823893334102 __label__disgust 0.14445470198222318
__label__joy 0.18378780489445992 __label__fear 0.18357735393018793 __label__sadness 0.1669158537130678 __label__surprise 0.16146542383285672 __label__anger 0.1541551889336729 __label__disgust 0.15009837469575474
__label__fear 0.1843459058994692 __label__anger 0.17661823323528378 __label__sadness 0.16617481831527006 __label__disgust 0.16287914245607021 __label__joy 0.16221421390721352 __label__surprise 0.1477676861866933
__label__joy 0.19155135171273266 __label__fear 0.1794933320497956 __label__surprise 0.1674215376434745 __label__sadness 0.16222405729970998 __label__anger 0.15497339733268803 __label__disgust 0.14433632396159932
__label__anger 0.18616010859978274 __label__fear 0.18263099139540995 __label__joy 0.16536846842926764 __label__sadness 0.15707097825264227 __label__disgust 0.15520638661956024 __label__surprise 0.15356306670333716
__label__joy 0.18781500073408194 __label__surprise 0.18539722831679495 __label__anger 0.16407144734679693 __label__sadness 0.16332346827557725 __label__fear 0.15819959685377596 __label__disgust 0.14119325847297304
__label__sadness 0.17779539438767075 __label__anger 0.17749594009778957 __label__fear 0.1672577610862645 __label__joy 0.16320174458736308 __label__surprise 0.1593774270871018 __label__disgust 0.15487173275381022
__label__fear 0.18555331586207047 __label__joy 0.1780245292943736 __label__anger 0.174013686029436 __label__surprise 0.15830537022352836 __label__sadness 0.1569786675141798 __label__disgust 0.14712443107641168
__label__anger 0.1945140553421693 __label__fear 0.16795766119762875 __label__sadness 0.16769056345344285 __label__joy 0.16494926199608687 __label__disgust 0.15386815572798357 __label__surprise 0.15102030228268848
__label__joy 0.17788054693211144 __label__fear 0.17479563631214237 __label__anger 0.1733648321237429 __label__sadness 0.16280709264007845 __label__surprise 0.15692096241922013 __label__disgust 0.15423092957270484
__label__fear 0.1775950924641258 __label__surprise 0.16805466142506442 __label__joy 0.16804839352728504 __label__anger 0.16681523422340727 __label__sadness 0.16136854478740176 __label__disgust 0.15811807357271576
__label__anger 0.17843862138451025 __label__fear 0.17658288412315198 __label__sadness 0.16882896070889603 __label__joy 0.16821846842243532 __label__disgust 0.1552847061133698 __label__surprise 0.15264635924763667
__label__fear 0.17238108193847518 __label__sadness 0.1691984038317912 __label__joy 0.1683065944444262 __label__surprise 0.16546129051813704 __label__disgust 0.16259373896296633 __label__anger 0.1620588903042039
__label__joy 0.19255516763303027 __label__sadness 0.1856961043656706 __label__fear 0.160174269399672 __label__anger 0.1597379100657702 __label__surprise 0.15313361873805797 __label__disgust 0.14870292979779898
__label__joy 0.19593527138141048 __label__surprise 0.16814071975317355 __label__sadness 0.16560792508575442 __label__anger 0.1604328867298042 __label__fear 0.15950278427166767 __label__disgust 0.15038041277818956
__label__joy 0.1899519487752412 __label__sadness 0.17405312655064062 __label__surprise 0.16330324675717617 __label__fear 0.16258478953900748 __label__anger 0.15676265791879715 __label__disgust 0.15334423045913742
__label__joy 0.18038815176192677 __label__sadness 0.17580926410610453 __label__fear 0.17311221364860754 __label__surprise 0.16941673046297642 __label__anger 0.15095807980218176 __label__disgust 0.1503155602182031
__label__surprise 0.18123080646702627 __label__joy 0.17553039633398237 __label__fear 0.17542254696127155 __label__sadness 0.1681225927810959 __label__anger 0.15792110244692759 __label__disgust 0.1417725550096963
__label__fear 0.18454388340211234 __label__anger 0.17788694141850642 __label__joy 0.16524328296801893 __label__sadness 0.1617436401293617 __label__surprise 0.1603873751801093 __label__disgust 0.15019487690189123
__label__joy 0.19462913729478712 __label__sadness 0.19278827116720254 __label__surprise 0.1738183453552857 __label__anger 0.1577845112426221 __label__fear 0.1470136584475338 __label__disgust 0.13396607649256867
__label__joy 0.1847077432716631 __label__fear 0.18092682789179124 __label__surprise 0.1752152421898448 __label__sadness 0.16674291208449638 __label__anger 0.1490456721413678 __label__disgust 0.1433616024208367
__label__joy 0.18557816941584526 __label__surprise 0.1784828392427518 __label__sadness 0.16970531159312685 __label__anger 0.16888213238027094 __label__fear 0.16460050257131822 __label__disgust 0.1327510447966869
__label__fear 0.1856096080339217 __label__joy 0.1785191801384821 __label__anger 0.1671737752576262 __label__surprise 0.16642541564970112 __label__sadness 0.16362868626461285 __label__disgust 0.13864333465565604
__label__fear 0.1811528452759369 __label__anger 0.17584498127787265 __label__joy 0.1741198437212957 __label__disgust 0.15705213630850626 __label__sadness 0.15659934417633664 __label__surprise 0.15523084924005207
__label__fear 0.20015761335393847 __label__sadness 0.1682015944038742 __label__joy 0.1680575973182098 __label__anger 0.16423791359615084 __label__disgust 0.15201960080597227 __label__surprise 0.14732568052185438
__label__fear 0.20259043556310685 __label__joy 0.17554565020549537 __label__anger 0.1587010124586915 __label__surprise 0.15771313678695953 __label__sadness 0.15498786029400735 __label__disgust 0.15046190469173956
__label__surprise 0.18255618584578712 __label__fear 0.18145666279687875 __label__joy 0.17193922948478987 __label__sadness 0.16411972939423675 __label__anger 0.15755119052145525 __label__disgust 0.14237700195685232
__label__anger 0.1770146481715393 __label__fear 0.17680792681332286 __label__surprise 0.16631407651417615 __label__disgust 0.16405616500469247 __label__joy 0.16153429324684043 __label__sadness 0.15427289024942878
__label__joy 0.1916222958312969 __label__surprise 0.19021542233004818 __label__fear 0.1798850831420443 __label__sadness 0.1477998953827379 __label__disgust 0.14707245693597382 __label__anger 0.14340484637789883
__label__joy 0.18407051342496727 __label__sadness 0.17074655342972542 __label__anger 0.16716524587750003 __label__surprise 0.16590497964031395 __label__disgust 0.16097846172955677 __label__fear 0.1511342458979366
__label__fear 0.17346974922977013 __label__anger 0.16968667530376252 __label__disgust 0.1665272365833688 __label__surprise 0.16575844122614347 __label__sadness 0.16320199400163468 __label__joy 0.16135590365532035
__label__anger 0.1772792875884969 __label__fear 0.17062416581332762 __label__sadness 0.16736930566430555 __label__joy 0.16628437696351617 __label__disgust 0.1658790347810981 __label__surprise 0.15256382918925565
__label__joy 0.18535358597913662 __label__surprise 0.18375326274460524 __label__sadness 0.17181552655582968 __label__anger 0.16239583336758506 __label__fear 0.14836270370032276 __label__disgust 0.14831908765252075
__label__sadness 0.17887603474228253 __label__fear 0.1724794475115875 __label__surprise 0.1694117503853581 __label__joy 0.16689754772183216 __label__disgust 0.15846696679890013 __label__anger 0.15386825284003947
__label__fear 0.19258364283273444 __label__anger 0.17297399547943812 __label__sadness 0.1626723030232448 __label__joy 0.1614771165039706 __label__surprise 0.1561417836429483 __label__disgust 0.15415115851766373
__label__joy 0.18604091901877734 __label__surprise 0.18007144271164616 __label__fear 0.1665342059851683 __label__sadness 0.1656610143802277 __label__anger 0.16482057459866056 __label__disgust 0.13687184330552
__label__anger 0.18289761817941277 __label__joy 0.1736175066288458 __label__fear 0.1725280895586429 __label__sadness 0.16990311729990848 __label__surprise 0.15343521819617797 __label__disgust 0.1476184501370122
__label__sadness 0.17402808920318288 __label__disgust 0.17241475514525864 __label__anger 0.17204780887951282 __label__fear 0.16976619104070434 __label__joy 0.16641046591320127 __label__surprise 0.14533268981814013
__label__fear 0.18372358236551098 __label__sadness 0.17483412329774053 __label__joy 0.17169809686526638 __label__surprise 0.16485668735448605 __label__anger 0.16283432994642064 __label__disgust 0.14205318017057542
__label__surprise 0.18495257460431827 __label__fear 0.17582539625578106 __label__joy 0.1751094310058676 __label__anger 0.16115867495624023 __label__sadness 0.15323069886196267 __label__disgust 0.14972322431583013
__label__joy 0.1827425970612448 __label__sadness 0.17733663860623058 __label__surprise 0.16718592487632766 __label__fear 0.16559797492911502 __label__anger 0.16439662301260433 __label__disgust 0.14274024151447762
__label__fear 0.18906347052555655 __label__joy 0.1791858296169156 __label__anger 0.16497397936226768 __label__surprise 0.16155451928421616 __label__disgust 0.1527982642259689 __label__sadness 0.1524239369850753
__label__fear 0.18649796493136017 __label__joy 0.1723734784865773 __label__surprise 0.16747298336421293 __label__sadness 0.165299800577159 __label__anger 0.16078954115130847 __label__disgust 0.14756623148938222
__label__surprise 0.18984904674414957 __label__fear 0.17930003271262954 __label__joy 0.16698299451685747 __label__anger 0.16488769737819586 __label__sadness 0.1518760111334591 __label__disgust 0.14710421751470854
__label__sadness 0.1761982518075808 __label__joy 0.1760483927611293 __label__fear 0.17115630152465142 __label__anger 0.17034973127596614 __label__surprise 0.16217142935767317 __label__disgust 0.14407589327299916
__label__fear 0.18249901597262716 __label__sadness 0.18184215624616706 __label__anger 0.17759460320551904 __label__joy 0.16375079218329308 __label__disgust 0.15489504218496664 __label__surprise 0.13941839020742702
__label__joy 0.17904950633563266 __label__fear 0.17488982784003362 __label__anger 0.1686566688066922 __label__sadness 0.16686431044931258 __label__surprise 0.1636957285324555 __label__disgust 0.14684395803587347
__label__fear 0.19242087385679468 __label__anger 0.1846611174896384 __label__sadness 0.16085906117506882 __label__surprise 0.15879319155168195 __label__disgust 0.1570905746946316 __label__joy 0.14617518123218465
__label__fear 0.17770828700218294 __label__joy 0.17638067197323906 __label__anger 0.1687841619555356 __label__sadness 0.16838905690783054 __label__surprise 0.16414537866642823 __label__disgust 0.14459244349478362
__label__fear 0.18191542091878965 __label__surprise 0.18107964143070848 __label__anger 0.16848357403980022 __label__disgust 0.1615721363268146 __label__sadness 0.1548888296254774 __label__joy 0.1520603976584097
__label__fear 0.17892317497849636 __label__joy 0.17539276218779865 __label__anger 0.1741506361884826 __label__sadness 0.17082225118256197 __label__surprise 0.1529043569810294 __label__disgust 0.1478068184816311
__label__fear 0.18279591279344062 __label__anger 0.17963529025865782 __label__surprise 0.17154268340911474 __label__joy 0.16237200268397042 __label__disgust 0.15815642638725078 __label__sadness 0.14549768446756556
__label__anger 0.18817822879248033 __label__fear 0.17292541040318235 __label__surprise 0.16841789496802406 __label__sadness 0.1650116415627864 __label__joy 0.1590144234103136 __label__disgust 0.14645240086321307
__label__fear 0.18186821775401668 __label__anger 0.17627276172824885 __label__surprise 0.16976102505432147 __label__joy 0.16376967144398225 __label__disgust 0.15589835301166796 __label__sadness 0.15242997100776276
__label__fear 0.18242523068476033 __label__anger 0.16837535952304383 __label__surprise 0.16557393564389175 __label__joy 0.16524099089153008 __label__sadness 0.16445748564199655 __label__disgust 0.1539269976147775
__label__fear 0.184711932741284 __label__surprise 0.17444028738658376 __label__joy 0.16706487238975382 __label__anger 0.16312292687461133 __label__disgust 0.1567123129260515 __label__sadness 0.15394766768171553
__label__fear 0.17586287931020053 __label__anger 0.17260207247712234 __label__joy 0.17022963172663397 __label__sadness 0.16909666105989546 __label__surprise 0.16332034262807746 __label__disgust 0.14888841279807022
__label__anger 0.17902996902142793 __label__fear 0.17810929813788665 __label__joy 0.1705003035838793 __label__sadness 0.16584385726450016 __label__surprise 0.1536761116938179 __label__disgust 0.15284046029848816
__label__anger 0.18704807041875296 __label__fear 0.17115810285893351 __label__surprise 0.16651952541183945 __label__joy 0.16337307344414287 __label__sadness 0.15799783234655837 __label__disgust 0.15390339551977283
__label__disgust 0.18108124214185198 __label__joy 0.1736829498209243 __label__sadness 0.1701315208557126 __label__anger 0.16661864434996218 __label__fear 0.1591372738866929 __label__surprise 0.14934836894485606
__label__fear 0.17617969416679002 __label__joy 0.17027912867661188 __label__surprise 0.16721122095746466 __label__sadness 0.1662431658364299 __label__anger 0.16519047372528256 __label__disgust 0.15489631663742112
__label__joy 0.1744322267743728 __label__sadness 0.16993602287721649 __label__surprise 0.1686113804673315 __label__fear 0.16767564718260528 __label__disgust 0.1636508698940488 __label__anger 0.15569385280442505
__label__joy 0.1788511249596118 __label__sadness 0.1725458981295938 __label__fear 0.16873710883335677 __label__surprise 0.16613136005144227 __label__anger 0.15745351831736273 __label__disgust 0.15628098970863263
__label__joy 0.17778476770222842 __label__fear 0.17414915967959765 __label__sadness 0.1712949661572418 __label__anger 0.16584452358319043 __label__surprise 0.16268244312481253 __label__disgust 0.14824413975292913
__label__fear 0.20443039580757852 __label__anger 0.17701990750950072 __label__surprise 0.1681129922179815 __label__sadness 0.15070053204452794 __label__joy 0.15059374109048929 __label__disgust 0.14914243132992208
__label__sadness 0.1944279025479275 __label__anger 0.17159350811609217 __label__joy 0.17146289864816244 __label__fear 0.16797606564147835 __label__disgust 0.15202253026603965 __label__surprise 0.14251709478029995
__label__fear 0.17739734969989607 __label__joy 0.1769574650168967 __label__anger 0.17160688852692288 __label__sadness 0.17030317019023747 __label__surprise 0.1582326955921021 __label__disgust 0.1455024309739447
__label__joy 0.17904950633563266 __label__fear 0.17488982784003362 __label__anger 0.1686566688066922 __label__sadness 0.16686431044931258 __label__surprise 0.1636957285324555 __label__disgust 0.14684395803587347
__label__fear 0.19099574245496417 __label__joy 0.16817194289719595 __label__sadness 0.16715310848893292 __label__anger 0.16360978006996021 __label__surprise 0.1603346416977718 __label__disgust 0.14973478439117488
__label__fear 0.18260003589733018 __label__joy 0.172094237611121 __label__sadness 0.17043112750690714 __label__anger 0.16915531253667793 __label__surprise 0.16307081426718212 __label__disgust 0.14264847218078155
__label__fear 0.18348891586687657 __label__anger 0.1764183546266983 __label__joy 0.17045694143064094 __label__sadness 0.16047566875974092 __label__surprise 0.1555587648437671 __label__disgust 0.15360135447227627
__label__fear 0.188998670449785 __label__anger 0.1667941575026538 __label__surprise 0.16555692658704926 __label__joy 0.16345059463379397 __label__sadness 0.15955294204443063 __label__disgust 0.1556467087822872
__label__anger 0.17772653203032762 __label__fear 0.17115709851846367 __label__disgust 0.16907565057330037 __label__sadness 0.16783670783245516 __label__joy 0.16187005333014015 __label__surprise 0.15233395771531305
__label__anger 0.18219137296993754 __label__fear 0.18152175037382562 __label__surprise 0.16511320447793715 __label__disgust 0.16047860340940773 __label__sadness 0.15927102537056503 __label__joy 0.151424043398327
__label__fear 0.18960994915598636 __label__anger 0.1824754447297866 __label__sadness 0.15905404988320984 __label__surprise 0.15838898917224287 __label__disgust 0.15637706207921903 __label__joy 0.1540945049795552
__label__fear 0.18886848980035964 __label__anger 0.1785069404506914 __label__joy 0.1726171289612144 __label__sadness 0.16610654912820608 __label__surprise 0.14959451381956398 __label__disgust 0.14430637783996447
__label__fear 0.18502489015903104 __label__anger 0.17520430033445983 __label__joy 0.16629920278422589 __label__surprise 0.16071754683916586 __label__sadness 0.15966886978206776 __label__disgust 0.15308519010104954
__label__fear 0.18014770134947847 __label__joy 0.17149456764116025 __label__surprise 0.16957708754441495 __label__anger 0.1652383253764885 __label__sadness 0.16424379905499567 __label__disgust 0.1492985190334622
__label__surprise 0.18213536257634014 __label__fear 0.17746262389895442 __label__joy 0.1771833163930815 __label__anger 0.15656363708900267 __label__disgust 0.1558726469943791 __label__sadness 0.15078241304824203
__label__sadness 0.189280797420441 __label__joy 0.18607506479886068 __label__anger 0.17034020362292646 __label__fear 0.16825735859970498 __label__disgust 0.14346016925942495 __label__surprise 0.142586406298642
__label__fear 0.17710228331129935 __label__surprise 0.17669141013832815 __label__joy 0.1677892612047677 __label__sadness 0.16642332305318272 __label__anger 0.1588141635375609 __label__disgust 0.15317955875486125
__label__fear 0.19226075993348243 __label__joy 0.17098664505243072 __label__anger 0.1647217986517335 __label__surprise 0.1629937657605325 __label__sadness 0.15702409799650935 __label__disgust 0.15201293260531148
__label__joy 0.19241078256623872 __label__sadness 0.16995440634183148 __label__anger 0.16823368152862242 __label__fear 0.16596508879103397 __label__disgust 0.16135250767004827 __label__surprise 0.14208353310222502
__label__joy 0.18078767313097013 __label__disgust 0.1716255512124832 __label__sadness 0.16461841426364182 __label__fear 0.16169823368611141 __label__anger 0.16166842742325674 __label__surprise 0.15960170028353665
__label__fear 0.18260090094517561 __label__anger 0.17847318632724113 __label__joy 0.1727657148426103 __label__sadness 0.16278752423631876 __label__disgust 0.15218135998614246 __label__surprise 0.1511913136625117
__label__joy 0.17522491610065444 __label__sadness 0.17263680947354382 __label__fear 0.17236571388218813 __label__surprise 0.16705128211949227 __label__anger 0.1629174931348272 __label__disgust 0.14980378528929422
__label__anger 0.17570186422136574 __label__fear 0.17473460517625625 __label__sadness 0.1747344912424355 __label__joy 0.16825762484401952 __label__surprise 0.15672912848782408 __label__disgust 0.14984228602809893
__label__anger 0.1795128898844723 __label__joy 0.17636676550214897 __label__surprise 0.17161700410412528 __label__sadness 0.1623977299826258 __label__fear 0.15665020514718667 __label__disgust 0.15345540537944113
__label__sadness 0.18466349267121057 __label__joy 0.17142214725527224 __label__disgust 0.16592181495755792 __label__anger 0.16519312739680475 __label__fear 0.16089057376123816 __label__surprise 0.1519088439579165
__label__sadness 0.1812990355105737 __label__joy 0.1780970921947769 __label__anger 0.1728588283637009 __label__fear 0.16160433232485344 __label__surprise 0.15555410616323542 __label__disgust 0.1505866054428595
__label__fear 0.19643606416434783 __label__joy 0.1690237192568064 __label__anger 0.16892076130757414 __label__surprise 0.1644987229327739 __label__sadness 0.15184872867838475 __label__disgust 0.1492720036601131
__label__joy 0.17607042731282593 __label__sadness 0.1731326910156313 __label__anger 0.17138796908834 __label__fear 0.1673294618477777 __label__disgust 0.15661649034101785 __label__surprise 0.1554629603944072
__label__surprise 0.18200785051209417 __label__joy 0.1811345131194346 __label__sadness 0.16791601555532829 __label__fear 0.1608588524818208 __label__anger 0.1559689008880719 __label__disgust 0.15211386744325023
__label__fear 0.1895240138251523 __label__joy 0.18014393791890582 __label__surprise 0.16536303768229987 __label__anger 0.15998632009566122 __label__sadness 0.15787493060215646 __label__disgust 0.14710775987582422
__label__sadness 0.17920329450443506 __label__joy 0.17245885274221975 __label__fear 0.16508835455360413 __label__surprise 0.1631232607766804 __label__disgust 0.16062926047089643 __label__anger 0.15949697695216422
__label__anger 0.17672603794527053 __label__disgust 0.17019829387108812 __label__fear 0.1672263831619424 __label__joy 0.16512788095519904 __label__sadness 0.16274853144979098 __label__surprise 0.157972872616709
__label__joy 0.181611302187717 __label__fear 0.17111006512824095 __label__sadness 0.1697609758920406 __label__surprise 0.16448925725828847 __label__anger 0.15972687430933175 __label__disgust 0.15330152522438129
__label__joy 0.17418072411416002 __label__surprise 0.171492922248488 __label__sadness 0.17147389669509866 __label__anger 0.16201804245602924 __label__fear 0.16177021142748174 __label__disgust 0.15906420305874247
__label__joy 0.18551679729570403 __label__anger 0.17592565826962647 __label__fear 0.16662468679922968 __label__sadness 0.16440120361978955 __label__disgust 0.15653582995085058 __label__surprise 0.1509958240647998
