__label__anger 0.17273627704621566 __label__sadness 0.16957360434238106 __label__surprise 0.1695135259420988 __label__joy 0.1681128193146985 __label__fear 0.16671226111766313 __label__disgust 0.15335151223694293
__label__joy 0.2058116245689041 __label__surprise 0.17496463353005187 __label__sadness 0.1621206259806457 __label__disgust 0.15443030126380028 __label__anger 0.15432400813829397 __label__fear 0.14834880651830415
__label__fear 0.20544380538597448 __label__joy 0.17248866879508903 __label__anger 0.16808815518430498 __label__surprise 0.15808010523282334 __label__sadness 0.15802491032858157 __label__disgust 0.13787435507322665
__label__anger 0.18216822770030577 __label__fear 0.1711734189935228 __label__surprise 0.16881761201504597 __label__joy 0.1628323590037963 __label__sadness 0.1594230444079408 __label__disgust 0.15558533787938839
__label__joy 0.17473423313923384 __label__fear 0.17264719795764458 __label__sadness 0.17139396410013327 __label__anger 0.16475793528595742 __label__surprise 0.15936470406517086 __label__disgust 0.15710196545186025
__label__joy 0.1790476139430427 __label__sadness 0.17139921411657585 __label__fear 0.170384906989046 __label__surprise 0.16754556192321932 __label__anger 0.16068089196778218 __label__disgust 0.1509418110603338
__label__joy 0.18582630978684114 __label__sadness 0.18069351609037695 __label__anger 0.16885474751273621 __label__surprise 0.1599784862910797 __label__fear 0.15279494699712315 __label__disgust 0.1518519933218429
__label__sadness 0.1796531746353684 __label__joy 0.17736951246693905 __label__surprise 0.1673573287132626 __label__fear 0.1669742060453689 __label__disgust 0.16265733092035797 __label__anger 0.14598844721870302
__label__joy 0.21425243470630506 __label__sadness 0.1903546642293894 __label__surprise 0.16876981981831146 __label__anger 0.14343786538733214 __label__disgust 0.1424385080949103 __label__fear 0.14074670776375153
__label__joy 0.18319125564959318 __label__sadness 0.17196379001766898 __label__fear 0.1676170374185154 __label__surprise 0.1658597329411612 __label__anger 0.15779643157425988 __label__disgust 0.15357175239880141
__label__joy 0.20006605378773593 __label__sadness 0.1755069230635582 __label__fear 0.17151998736310128 __label__surprise 0.16063016301138522 __label__anger 0.15572783362170406 __label__disgust 0.13654903915251532
__label__joy 0.17506014835073044 __label__anger 0.17267133361132175 __label__fear 0.16778799919374837 __label__sadness 0.16753694436335995 __label__disgust 0.1594344831891248 __label__surprise 0.15750909129171461
__label__joy 0.18078579522270413 __label__surprise 0.1781562637164717 __label__fear 0.17241439446331866 __label__sadness 0.1620886528303692 __label__anger 0.16022758935635334 __label__disgust 0.146327304410783
__label__fear 0.18529227981991211 __label__surprise 0.18221046423878096 __label__joy 0.18156784146019594 __label__sadness 0.15943121588772685 __label__anger 0.15248337908551352 __label__disgust 0.1390148195078706
__label__fear 0.17569717802286672 __label__anger 0.17389639714385555 __label__joy 0.1675739545496797 __label__surprise 0.16534454660140932 __label__sadness 0.15965833286141623 __label__disgust 0.15782959082077255
__label__fear 0.19841235103766713 __label__joy 0.17235449456356222 __label__surprise 0.16169069736885797 __label__sadness 0.15920527319233838 __label__disgust 0.1559550802273977 __label__anger 0.1523821036101766
__label__joy 0.18730600398984124 __label__fear 0.17684813048168252 __label__surprise 0.17170595692933527 __label__sadness 0.16613289852546048 __label__anger 0.15685405111369877 __label__disgust 0.14115295895998164
__label__joy 0.1801474103337448 __label__fear 0.1754604470870522 __label__anger 0.16749292535628088 __label__sadness 0.16623361730383826 __label__surprise 0.15553242536420453 __label__disgust 0.15513317455487938
__label__fear 0.17901451275631353 __label__surprise 0.17643817714499235 __label__anger 0.1747710954475167 __label__disgust 0.162369832987451 __label__joy 0.158568392180204 __label__sadness 0.14883798948352234
__label__fear 0.1845438834021124 __label__anger 0.17788694141850642 __label__joy 0.16524328296801893 __label__sadness 0.1617436401293617 __label__surprise 0.1603873751801093 __label__disgust 0.15019487690189123
__label__joy 0.1853535859791366 __label__surprise 0.18375326274460518 __label__sadness 0.17181552655582966 __label__anger 0.16239583336758504 __label__fear 0.14836270370032273 __label__disgust 0.14831908765252075
__label__joy 0.19358126118508973 __label__sadness 0.17011949862582423 __label__fear 0.1671576974389147 __label__anger 0.16619328809380737 __label__surprise 0.15912732598417234 __label__disgust 0.14382092867219168
__label__fear 0.18647509684191527 __label__surprise 0.17827669474246413 __label__joy 0.16939474218639294 __label__anger 0.16459691815126684 __label__sadness 0.1572662144329763 __label__disgust 0.14399033364498448
__label__sadness 0.1812018794534297 __label__fear 0.17584050585873115 __label__anger 0.172415215456612 __label__joy 0.16709518486403777 __label__surprise 0.1607129556603546 __label__disgust 0.14273425870683482
__label__fear 0.19481372818217818 __label__joy 0.17362467802221157 __label__surprise 0.16679080597265328 __label__anger 0.15894383412247087 __label__sadness 0.1579059970450529 __label__disgust 0.14792095665543317
__label__surprise 0.1812308064670263 __label__joy 0.17553039633398237 __label__fear 0.17542254696127155 __label__sadness 0.16812259278109593 __label__anger 0.1579211024469276 __label__disgust 0.14177255500969632
__label__fear 0.18429896626812137 __label__anger 0.172966753911338 __label__sadness 0.16732179712645331 __label__surprise 0.15954141643695977 __label__disgust 0.15868461518684224 __label__joy 0.1571864510702853
__label__joy 0.18238421555781698 __label__sadness 0.17407940402751562 __label__anger 0.17149852497891882 __label__surprise 0.16501085712573502 __label__fear 0.1576678372695691 __label__disgust 0.14935916104044458
__label__joy 0.18716326621161225 __label__sadness 0.16754522256935944 __label__fear 0.16591836675109237 __label__anger 0.1645772260649446 __label__surprise 0.16236576209925066 __label__disgust 0.1524301563037407
__label__joy 0.18839609696084741 __label__fear 0.17483719809272685 __label__sadness 0.1740853456465361 __label__anger 0.166363071381402 __label__surprise 0.14835983919498213 __label__disgust 0.14795844872350541
__label__joy 0.18152431399653735 __label__sadness 0.17414811223985027 __label__fear 0.16765312753512687 __label__anger 0.16632312726369092 __label__surprise 0.1620778357569643 __label__disgust 0.14827348320783026
__label__joy 0.17988330932016466 __label__sadness 0.17408451576245287 __label__anger 0.17361076311982307 __label__fear 0.15873875424568296 __label__surprise 0.1572811328501298 __label__disgust 0.15640152470174654
__label__joy 0.18586739565895277 __label__sadness 0.17165734509135153 __label__fear 0.16696802732679583 __label__anger 0.16691933618291566 __label__surprise 0.16612039665040307 __label__disgust 0.14246749908958123
__label__sadness 0.17887603474228253 __label__fear 0.17247944751158753 __label__surprise 0.16941175038535813 __label__joy 0.16689754772183218 __label__disgust 0.15846696679890016 __label__anger 0.1538682528400395
__label__joy 0.19462913729478715 __label__sadness 0.1927882711672025 __label__surprise 0.17381834535528567 __label__anger 0.1577845112426221 __label__fear 0.1470136584475338 __label__disgust 0.13396607649256864
__label__joy 0.18173498112875025 __label__sadness 0.1764028817373472 __label__fear 0.16727798971239533 __label__surprise 0.1667375944945455 __label__anger 0.1559413918222751 __label__disgust 0.15190516110468646
__label__anger 0.17162231894623622 __label__fear 0.16946393003608096 __label__sadness 0.16935873610853644 __label__joy 0.1672755262810521 __label__surprise 0.16281418808753245 __label__disgust 0.15946530054056185
__label__fear 0.18693052885902242 __label__joy 0.17545964577560696 __label__surprise 0.16911798679599097 __label__sadness 0.16366168816539853 __label__disgust 0.15414656145507125 __label__anger 0.15068358894890987
__label__fear 0.19641762985283467 __label__surprise 0.18599111578519723 __label__anger 0.16169481512843423 __label__joy 0.1582392549315175 __label__disgust 0.15739344659558047 __label__sadness 0.14026373770643596
__label__anger 0.19444630333899754 __label__sadness 0.17705330894542504 __label__joy 0.16833913113533988 __label__fear 0.16275887580798432 __label__surprise 0.14896032897449407 __label__disgust 0.14844205179775907
__label__fear 0.19217273250246683 __label__anger 0.16752342557275637 __label__sadness 0.1670127479992457 __label__disgust 0.16189468576956287 __label__joy 0.15902424836862794 __label__surprise 0.1523721597873404
__label__surprise 0.17881143767493865 __label__joy 0.17728657236066386 __label__fear 0.1747671269149716 __label__sadness 0.16919032863900502 __label__anger 0.15884387089098473 __label__disgust 0.14110066351943623
__label__sadness 0.17748301618197304 __label__joy 0.17610072249609604 __label__surprise 0.16885575465182348 __label__fear 0.1661254392419235 __label__anger 0.15807139986871915 __label__disgust 0.1533636675594648
__label__joy 0.19707303248733568 __label__sadness 0.17652220548245567 __label__fear 0.16937700345004253 __label__surprise 0.16533204393008447 __label__anger 0.1533279322658388 __label__disgust 0.13836778238424294
__label__surprise 0.17602196097312522 __label__fear 0.17448142911988818 __label__joy 0.17299334979183092 __label__anger 0.1696127515248961 __label__sadness 0.16371590940478786 __label__disgust 0.14317459918547168
__label__surprise 0.175786805259025 __label__joy 0.169963211379771 __label__anger 0.16820348836539956 __label__disgust 0.1653435302899755 __label__sadness 0.16384836979236164 __label__fear 0.15685459491346734
__label__sadness 0.18680482993280495 __label__fear 0.1781311630095653 __label__surprise 0.16535379500598055 __label__anger 0.16429312829530132 __label__joy 0.1565339036707467 __label__disgust 0.14888318008560117
__label__fear 0.18475342923033627 __label__joy 0.17918243195860104 __label__surprise 0.1719623876595689 __label__anger 0.16473458196313664 __label__sadness 0.16175752966655768 __label__disgust 0.13760963952179966
__label__sadness 0.18195798848139755 __label__joy 0.1747693878667123 __label__fear 0.16931982259975079 __label__anger 0.16781201048103522 __label__surprise 0.1567163615026455 __label__disgust 0.14942442906845865
__label__fear 0.17538280698421924 __label__joy 0.1740471699068336 __label__sadness 0.17297372620127457 __label__anger 0.1685005082775421 __label__surprise 0.16140430537023376 __label__disgust 0.1476914832598967
__label__fear 0.18162231920169092 __label__surprise 0.17964842611490356 __label__joy 0.17473676674322783 __label__anger 0.1637374450809148 __label__sadness 0.1595042247232603 __label__disgust 0.1407508181360026
__label__fear 0.1936546350917845 __label__anger 0.17520335607997822 __label__joy 0.17357745272342298 __label__disgust 0.15603591289077282 __label__surprise 0.15379365079673848 __label__sadness 0.14773499241730298
__label__joy 0.18640353236756071 __label__fear 0.18290718500927153 __label__sadness 0.17152832659275596 __label__anger 0.16520328399215312 __label__surprise 0.1528751584784299 __label__disgust 0.14108251355982876
__label__joy 0.19244380164397856 __label__sadness 0.17391141427569645 __label__fear 0.16387974445922196 __label__anger 0.16161913962319263 __label__surprise 0.1600803739237541 __label__disgust 0.14806552607415643
__label__joy 0.18920084322596026 __label__sadness 0.18485552717512266 __label__fear 0.1693197685920484 __label__anger 0.1683343804769792 __label__surprise 0.15109125985870242 __label__disgust 0.13719822067118714
__label__fear 0.18677666801438766 __label__anger 0.17352084892925157 __label__surprise 0.16704644621902448 __label__sadness 0.16324699120825695 __label__joy 0.16128839646851456 __label__disgust 0.14812064916056472
__label__fear 0.19162471385337812 __label__surprise 0.17540325064559945 __label__disgust 0.17085804254075374 __label__anger 0.1633760220955671 __label__joy 0.1568784175936434 __label__sadness 0.14185955327105831
__label__joy 0.17876525261998175 __label__surprise 0.1777282540017824 __label__fear 0.17187633484029166 __label__anger 0.16053190160118652 __label__disgust 0.15661902334315259 __label__sadness 0.15447923359360505
__label__joy 0.18640353236756071 __label__fear 0.18290718500927153 __label__sadness 0.17152832659275596 __label__anger 0.16520328399215312 __label__surprise 0.1528751584784299 __label__disgust 0.14108251355982876
__label__sadness 0.18680482993280495 __label__fear 0.1781311630095653 __label__surprise 0.16535379500598055 __label__anger 0.16429312829530132 __label__joy 0.1565339036707467 __label__disgust 0.14888318008560117
__label__joy 0.17786158825589773 __label__anger 0.17585062618638714 __label__fear 0.17511434952664937 __label__sadness 0.16957517462942867 __label__surprise 0.15385411597397586 __label__disgust 0.1477441454276613
__label__fear 0.1725721675264423 __label__joy 0.17220732925325996 __label__sadness 0.17103530677752074 __label__surprise 0.16899207494826798 __label__anger 0.16717534540641274 __label__disgust 0.14801777608809627
__label__anger 0.19064039762458962 __label__fear 0.18300942853818097 __label__disgust 0.15898764512855126 __label__sadness 0.1588182138793401 __label__joy 0.15822587002216423 __label__surprise 0.1503184448071738
__label__joy 0.18563082166195782 __label__surprise 0.18118564932035064 __label__fear 0.16817449831529413 __label__sadness 0.16703272489798215 __label__disgust 0.150429235172419 __label__anger 0.14754707063199624
__label__fear 0.1954533872235355 __label__joy 0.171201556626774 __label__anger 0.16000574270553589 __label__sadness 0.15882159255070313 __label__disgust 0.15759996211536703 __label__surprise 0.15691775877808428
__label__surprise 0.18085461104919057 __label__sadness 0.17223804203772444 __label__anger 0.16928535828194682 __label__joy 0.16855048071489967 __label__fear 0.16391415938930284 __label__disgust 0.14515734852693563
__label__joy 0.17788054693211142 __label__fear 0.17479563631214234 __label__anger 0.17336483212374287 __label__sadness 0.16280709264007842 __label__surprise 0.1569209624192201 __label__disgust 0.15423092957270484
__label__fear 0.17650552687688606 __label__sadness 0.17421197668636054 __label__joy 0.173597365023781 __label__surprise 0.17252742323606465 __label__anger 0.16334065281006424 __label__disgust 0.13981705536684355
__label__joy 0.1787881330364415 __label__sadness 0.17250883315080906 __label__anger 0.16776765759569962 __label__surprise 0.16662614962037617 __label__fear 0.16579154731840273 __label__disgust 0.14851767927827098
__label__fear 0.18431359828916516 __label__joy 0.18079737872824497 __label__sadness 0.16328064573938353 __label__anger 0.1629216369907234 __label__surprise 0.15753861285144724 __label__disgust 0.15114812740103584
__label__surprise 0.179403935011038 __label__joy 0.1762823330541395 __label__fear 0.1734173494600396 __label__anger 0.16924480072242465 __label__sadness 0.15244508407423651 __label__disgust 0.1492064976781218
__label__fear 0.17769025390526996 __label__anger 0.173999611036665 __label__sadness 0.16708319374354463 __label__joy 0.16372556498511046 __label__surprise 0.16347630461604645 __label__disgust 0.15402507171336355
__label__joy 0.18035368572382043 __label__surprise 0.17817022577557529 __label__sadness 0.17121334511485856 __label__fear 0.16499085474368166 __label__anger 0.1591523583888176 __label__disgust 0.14611953025324642
__label__fear 0.1809082352452487 __label__joy 0.18063489233660052 __label__surprise 0.1693316370592768 __label__anger 0.16589962737183284 __label__sadness 0.16519461424984225 __label__disgust 0.1380309937371988
__label__joy 0.18633406418690523 __label__sadness 0.17091076513717837 __label__fear 0.16790035884195104 __label__surprise 0.1638587122111222 __label__anger 0.16313815015115532 __label__disgust 0.14785794947168776
__label__joy 0.197530194466668 __label__fear 0.17113809584178796 __label__sadness 0.16789984377880543 __label__surprise 0.16735757657087766 __label__anger 0.1592956748648179 __label__disgust 0.13677861447704293
__label__sadness 0.17781184484778073 __label__anger 0.17415672003792648 __label__fear 0.17060290178709556 __label__disgust 0.16751339003512364 __label__joy 0.1658988810246384 __label__surprise 0.1440162622674352
__label__sadness 0.18231308027397353 __label__joy 0.1780296258533321 __label__anger 0.1778185262520578 __label__fear 0.16649837850230317 __label__disgust 0.15078298469024148 __label__surprise 0.14455740442809192
__label__surprise 0.178786569792954 __label__joy 0.17863381046835033 __label__fear 0.17157009570577184 __label__anger 0.16002705993467808 __label__sadness 0.156576629104659 __label__disgust 0.15440583499358684
__label__surprise 0.2080868962482389 __label__disgust 0.17240819142768082 __label__fear 0.15859136744202268 __label__joy 0.1573425938339061 __label__anger 0.1560220762549468 __label__sadness 0.14754887479320478
__label__fear 0.19585267935685355 __label__anger 0.1680583793642546 __label__surprise 0.166188796914455 __label__joy 0.1604647083665448 __label__sadness 0.1558577405099527 __label__disgust 0.15357769548793934
__label__fear 0.17909624007707337 __label__anger 0.17546794081623301 __label__sadness 0.1742773798086119 __label__joy 0.16674299910662313 __label__disgust 0.15536637122506475 __label__surprise 0.149049068966394
__label__anger 0.1965415450799753 __label__fear 0.1845132765407619 __label__disgust 0.1590196642537934 __label__joy 0.15819825317651529 __label__sadness 0.15606315296484016 __label__surprise 0.1456641079841139
__label__joy 0.1856650445333418 __label__fear 0.18035777981976386 __label__sadness 0.16730243074787987 __label__surprise 0.1638022126049251 __label__anger 0.1585726602821662 __label__disgust 0.14429987201192307
__label__anger 0.18140795913535734 __label__fear 0.1748380616093512 __label__sadness 0.16526084678420577 __label__disgust 0.16508165520585727 __label__joy 0.16162070161425732 __label__surprise 0.151790775650971
__label__joy 0.19190134808461853 __label__sadness 0.18404387103480926 __label__fear 0.1770977425946245 __label__anger 0.1576334303554236 __label__surprise 0.14795100770087527 __label__disgust 0.141372600229649
__label__joy 0.19416933305021963 __label__surprise 0.17528494652247242 __label__fear 0.17420644628189297 __label__anger 0.1560581812174168 __label__sadness 0.15551322569264672 __label__disgust 0.1447678672353515
__label__fear 0.18067817484079096 __label__surprise 0.17666713454715632 __label__joy 0.16339662716743186 __label__anger 0.161032941343886 __label__sadness 0.16056001233652606 __label__disgust 0.15766510976420878
__label__joy 0.18057158318874786 __label__anger 0.178403396257314 __label__sadness 0.17053043499513398 __label__fear 0.17006197712591595 __label__surprise 0.1505369014330954 __label__disgust 0.14989570699979288
__label__surprise 0.18384309164950077 __label__anger 0.1709778792253316 __label__fear 0.170380521628591 __label__joy 0.1678055665810125 __label__sadness 0.1625382389333411 __label__disgust 0.14445470198222318
__label__joy 0.18378780489445992 __label__fear 0.18357735393018793 __label__sadness 0.1669158537130678 __label__surprise 0.16146542383285672 __label__anger 0.1541551889336729 __label__disgust 0.15009837469575474
__label__fear 0.18434590589946914 __label__anger 0.17661823323528375 __label__sadness 0.16617481831527003 __label__disgust 0.1628791424560702 __label__joy 0.1622142139072135 __label__surprise 0.14776768618669328
__label__joy 0.1915513517127326 __label__fear 0.1794933320497956 __label__surprise 0.1674215376434745 __label__sadness 0.16222405729970996 __label__anger 0.15497339733268803 __label__disgust 0.1443363239615993
__label__anger 0.18616010859978274 __label__fear 0.18263099139540995 __label__joy 0.16536846842926764 __label__sadness 0.15707097825264227 __label__disgust 0.15520638661956024 __label__surprise 0.15356306670333716
__label__joy 0.18781500073408192 __label__surprise 0.18539722831679492 __label__anger 0.16407144734679693 __label__sadness 0.16332346827557725 __label__fear 0.15819959685377594 __label__disgust 0.141193258472973
__label__sadness 0.17779539438767075 __label__anger 0.17749594009778957 __label__fear 0.1672577610862645 __label__joy 0.16320174458736308 __label__surprise 0.15937742708710181 __label__disgust 0.1548717327538102
__label__fear 0.1855533158620705 __label__joy 0.17802452929437362 __label__anger 0.17401368602943604 __label__surprise 0.1583053702235284 __label__sadness 0.15697866751417983 __label__disgust 0.1471244310764117
__label__anger 0.1945140553421694 __label__fear 0.16795766119762875 __label__sadness 0.1676905634534429 __label__joy 0.16494926199608692 __label__disgust 0.1538681557279836 __label__surprise 0.15102030228268853
__label__joy 0.17788054693211142 __label__fear 0.17479563631214234 __label__anger 0.17336483212374287 __label__sadness 0.16280709264007842 __label__surprise 0.1569209624192201 __label__disgust 0.15423092957270484
__label__fear 0.1775950924641258 __label__surprise 0.16805466142506442 __label__joy 0.16804839352728504 __label__anger 0.16681523422340727 __label__sadness 0.16136854478740176 __label__disgust 0.15811807357271576
__label__anger 0.17843862138451022 __label__fear 0.17658288412315198 __label__sadness 0.16882896070889605 __label__joy 0.16821846842243532 __label__disgust 0.15528470611336984 __label__surprise 0.15264635924763664
__label__fear 0.1723810819384752 __label__sadness 0.16919840383179124 __label__joy 0.16830659444442622 __label__surprise 0.1654612905181371 __label__disgust 0.16259373896296636 __label__anger 0.16205889030420392
__label__joy 0.19255516763303024 __label__sadness 0.1856961043656706 __label__fear 0.160174269399672 __label__anger 0.15973791006577026 __label__surprise 0.15313361873805792 __label__disgust 0.14870292979779898
__label__joy 0.19593527138141048 __label__surprise 0.16814071975317355 __label__sadness 0.16560792508575442 __label__anger 0.1604328867298042 __label__fear 0.1595027842716677 __label__disgust 0.15038041277818956
__label__joy 0.1899519487752412 __label__sadness 0.17405312655064062 __label__surprise 0.16330324675717617 __label__fear 0.16258478953900748 __label__anger 0.15676265791879715 __label__disgust 0.15334423045913742
__label__joy 0.18038815176192677 __label__sadness 0.17580926410610453 __label__fear 0.17311221364860754 __label__surprise 0.16941673046297642 __label__anger 0.15095807980218176 __label__disgust 0.1503155602182031
__label__surprise 0.1812308064670263 __label__joy 0.17553039633398237 __label__fear 0.17542254696127155 __label__sadness 0.16812259278109593 __label__anger 0.1579211024469276 __label__disgust 0.14177255500969632
__label__fear 0.1845438834021124 __label__anger 0.17788694141850642 __label__joy 0.16524328296801893 __label__sadness 0.1617436401293617 __label__surprise 0.1603873751801093 __label__disgust 0.15019487690189123
__label__joy 0.19462913729478715 __label__sadness 0.1927882711672025 __label__surprise 0.17381834535528567 __label__anger 0.1577845112426221 __label__fear 0.1470136584475338 __label__disgust 0.13396607649256864
__label__joy 0.18470774327166314 __label__fear 0.18092682789179126 __label__surprise 0.17521524218984483 __label__sadness 0.1667429120844964 __label__anger 0.14904567214136782 __label__disgust 0.14336160242083673
__label__joy 0.18557816941584526 __label__surprise 0.1784828392427518 __label__sadness 0.16970531159312685 __label__anger 0.16888213238027094 __label__fear 0.16460050257131822 __label__disgust 0.1327510447966869
__label__fear 0.1856096080339217 __label__joy 0.1785191801384821 __label__anger 0.1671737752576262 __label__surprise 0.16642541564970112 __label__sadness 0.16362868626461285 __label__disgust 0.13864333465565604
__label__fear 0.18115284527593684 __label__anger 0.1758449812778726 __label__joy 0.17411984372129563 __label__disgust 0.15705213630850626 __label__sadness 0.1565993441763366 __label__surprise 0.15523084924005204
__label__fear 0.20015761335393847 __label__sadness 0.1682015944038742 __label__joy 0.1680575973182098 __label__anger 0.16423791359615084 __label__disgust 0.15201960080597227 __label__surprise 0.14732568052185438
__label__fear 0.20259043556310685 __label__joy 0.1755456502054953 __label__anger 0.1587010124586915 __label__surprise 0.15771313678695945 __label__sadness 0.15498786029400732 __label__disgust 0.15046190469173956
__label__surprise 0.18255618584578712 __label__fear 0.18145666279687875 __label__joy 0.17193922948478987 __label__sadness 0.16411972939423675 __label__anger 0.15755119052145525 __label__disgust 0.14237700195685232
__label__anger 0.1770146481715393 __label__fear 0.17680792681332286 __label__surprise 0.16631407651417615 __label__disgust 0.16405616500469247 __label__joy 0.16153429324684043 __label__sadness 0.15427289024942878
__label__joy 0.1916222958312969 __label__surprise 0.19021542233004818 __label__fear 0.1798850831420443 __label__sadness 0.1477998953827379 __label__disgust 0.14707245693597382 __label__anger 0.14340484637789883
__label__joy 0.18407051342496727 __label__sadness 0.17074655342972542 __label__anger 0.16716524587750006 __label__surprise 0.16590497964031395 __label__disgust 0.16097846172955677 __label__fear 0.15113424589793661
__label__fear 0.17346974922977013 __label__anger 0.16968667530376258 __label__disgust 0.16652723658336885 __label__surprise 0.1657584412261435 __label__sadness 0.1632019940016347 __label__joy 0.16135590365532035
__label__anger 0.17727928758849687 __label__fear 0.17062416581332762 __label__sadness 0.16736930566430555 __label__joy 0.16628437696351614 __label__disgust 0.16587903478109808 __label__surprise 0.15256382918925565
__label__joy 0.1853535859791366 __label__surprise 0.18375326274460518 __label__sadness 0.17181552655582966 __label__anger 0.16239583336758504 __label__fear 0.14836270370032273 __label__disgust 0.14831908765252075
__label__sadness 0.17887603474228253 __label__fear 0.17247944751158753 __label__surprise 0.16941175038535813 __label__joy 0.16689754772183218 __label__disgust 0.15846696679890016 __label__anger 0.1538682528400395
__label__fear 0.1925836428327344 __label__anger 0.17297399547943806 __label__sadness 0.16267230302324479 __label__joy 0.1614771165039706 __label__surprise 0.1561417836429483 __label__disgust 0.15415115851766373
__label__joy 0.18604091901877734 __label__surprise 0.18007144271164613 __label__fear 0.16653420598516827 __label__sadness 0.16566101438022768 __label__anger 0.16482057459866054 __label__disgust 0.13687184330552
__label__anger 0.18289761817941275 __label__joy 0.17361750662884579 __label__fear 0.17252808955864285 __label__sadness 0.16990311729990842 __label__surprise 0.15343521819617795 __label__disgust 0.14761845013701216
__label__sadness 0.17402808920318286 __label__disgust 0.1724147551452586 __label__anger 0.17204780887951285 __label__fear 0.16976619104070434 __label__joy 0.16641046591320127 __label__surprise 0.1453326898181401
__label__fear 0.18372358236551103 __label__sadness 0.17483412329774053 __label__joy 0.17169809686526638 __label__surprise 0.16485668735448603 __label__anger 0.16283432994642066 __label__disgust 0.14205318017057544
__label__surprise 0.18495257460431833 __label__fear 0.17582539625578106 __label__joy 0.17510943100586765 __label__anger 0.16115867495624028 __label__sadness 0.1532306988619627 __label__disgust 0.14972322431583016
__label__joy 0.1827425970612448 __label__sadness 0.17733663860623058 __label__surprise 0.16718592487632766 __label__fear 0.16559797492911502 __label__anger 0.16439662301260433 __label__disgust 0.14274024151447762
__label__fear 0.18906347052555653 __label__joy 0.1791858296169156 __label__anger 0.16497397936226765 __label__surprise 0.16155451928421613 __label__disgust 0.15279826422596884 __label__sadness 0.1524239369850753
__label__fear 0.18649796493136012 __label__joy 0.17237347848657725 __label__surprise 0.16747298336421287 __label__sadness 0.165299800577159 __label__anger 0.16078954115130845 __label__disgust 0.1475662314893822
__label__surprise 0.1898490467441495 __label__fear 0.17930003271262948 __label__joy 0.16698299451685747 __label__anger 0.1648876973781958 __label__sadness 0.15187601113345905 __label__disgust 0.14710421751470854
__label__sadness 0.1761982518075808 __label__joy 0.17604839276112932 __label__fear 0.17115630152465142 __label__anger 0.17034973127596612 __label__surprise 0.16217142935767317 __label__disgust 0.14407589327299916
__label__fear 0.18249901597262716 __label__sadness 0.18184215624616706 __label__anger 0.17759460320551904 __label__joy 0.16375079218329308 __label__disgust 0.15489504218496664 __label__surprise 0.13941839020742702
__label__joy 0.17904950633563263 __label__fear 0.17488982784003365 __label__anger 0.16865666880669217 __label__sadness 0.1668643104493126 __label__surprise 0.16369572853245554 __label__disgust 0.1468439580358735
__label__fear 0.19242087385679463 __label__anger 0.18466111748963837 __label__sadness 0.16085906117506882 __label__surprise 0.15879319155168192 __label__disgust 0.1570905746946316 __label__joy 0.14617518123218462
__label__fear 0.17770828700218294 __label__joy 0.17638067197323906 __label__anger 0.1687841619555356 __label__sadness 0.16838905690783054 __label__surprise 0.16414537866642823 __label__disgust 0.14459244349478362
__label__fear 0.18191542091878962 __label__surprise 0.18107964143070845 __label__anger 0.16848357403980022 __label__disgust 0.16157213632681458 __label__sadness 0.15488882962547734 __label__joy 0.15206039765840967
__label__fear 0.17892317497849639 __label__joy 0.17539276218779862 __label__anger 0.1741506361884826 __label__sadness 0.17082225118256195 __label__surprise 0.1529043569810294 __label__disgust 0.1478068184816311
__label__fear 0.18279591279344062 __label__anger 0.17963529025865782 __label__surprise 0.17154268340911474 __label__joy 0.16237200268397042 __label__disgust 0.15815642638725078 __label__sadness 0.14549768446756556
__label__anger 0.18817822879248036 __label__fear 0.17292541040318238 __label__surprise 0.1684178949680241 __label__sadness 0.16501164156278642 __label__joy 0.1590144234103136 __label__disgust 0.1464524008632131
__label__fear 0.1818682177540167 __label__anger 0.17627276172824888 __label__surprise 0.1697610250543215 __label__joy 0.16376967144398227 __label__disgust 0.155898353011668 __label__sadness 0.1524299710077628
__label__fear 0.18242523068476033 __label__anger 0.16837535952304383 __label__surprise 0.16557393564389175 __label__joy 0.16524099089153008 __label__sadness 0.16445748564199655 __label__disgust 0.1539269976147775
__label__fear 0.18471193274128397 __label__surprise 0.17444028738658374 __label__joy 0.16706487238975382 __label__anger 0.16312292687461133 __label__disgust 0.1567123129260515 __label__sadness 0.15394766768171553
__label__fear 0.17586287931020053 __label__anger 0.17260207247712236 __label__joy 0.170229631726634 __label__sadness 0.1690966610598955 __label__surprise 0.16332034262807746 __label__disgust 0.14888841279807025
__label__anger 0.1790299690214279 __label__fear 0.1781092981378866 __label__joy 0.17050030358387927 __label__sadness 0.16584385726450013 __label__surprise 0.15367611169381787 __label__disgust 0.15284046029848816
__label__anger 0.187048070418753 __label__fear 0.17115810285893354 __label__surprise 0.16651952541183945 __label__joy 0.1633730734441429 __label__sadness 0.15799783234655837 __label__disgust 0.15390339551977286
__label__disgust 0.18108124214185195 __label__joy 0.17368294982092428 __label__sadness 0.17013152085571256 __label__anger 0.16661864434996218 __label__fear 0.1591372738866929 __label__surprise 0.14934836894485604
__label__fear 0.17617969416679 __label__joy 0.17027912867661188 __label__surprise 0.16721122095746463 __label__sadness 0.1662431658364299 __label__anger 0.16519047372528253 __label__disgust 0.1548963166374211
__label__joy 0.1744322267743728 __label__sadness 0.16993602287721649 __label__surprise 0.1686113804673315 __label__fear 0.16767564718260528 __label__disgust 0.1636508698940488 __label__anger 0.15569385280442505
__label__joy 0.1788511249596118 __label__sadness 0.1725458981295938 __label__fear 0.16873710883335677 __label__surprise 0.16613136005144227 __label__anger 0.15745351831736273 __label__disgust 0.15628098970863263
__label__joy 0.17778476770222842 __label__fear 0.17414915967959765 __label__sadness 0.17129496615724182 __label__anger 0.16584452358319046 __label__surprise 0.16268244312481253 __label__disgust 0.1482441397529291
__label__fear 0.20443039580757852 __label__anger 0.1770199075095007 __label__surprise 0.1681129922179815 __label__sadness 0.15070053204452794 __label__joy 0.15059374109048929 __label__disgust 0.14914243132992208
__label__sadness 0.1944279025479275 __label__anger 0.17159350811609217 __label__joy 0.17146289864816242 __label__fear 0.16797606564147835 __label__disgust 0.15202253026603962 __label__surprise 0.14251709478029995
__label__fear 0.17739734969989612 __label__joy 0.17695746501689671 __label__anger 0.17160688852692288 __label__sadness 0.1703031701902375 __label__surprise 0.15823269559210212 __label__disgust 0.1455024309739447
__label__joy 0.17904950633563263 __label__fear 0.17488982784003365 __label__anger 0.16865666880669217 __label__sadness 0.1668643104493126 __label__surprise 0.16369572853245554 __label__disgust 0.1468439580358735
__label__fear 0.19099574245496417 __label__joy 0.16817194289719592 __label__sadness 0.16715310848893292 __label__anger 0.16360978006996024 __label__surprise 0.1603346416977718 __label__disgust 0.14973478439117488
__label__fear 0.1826000358973302 __label__joy 0.17209423761112103 __label__sadness 0.1704311275069072 __label__anger 0.16915531253667795 __label__surprise 0.16307081426718215 __label__disgust 0.14264847218078158
__label__fear 0.18348891586687655 __label__anger 0.1764183546266983 __label__joy 0.17045694143064094 __label__sadness 0.16047566875974092 __label__surprise 0.1555587648437671 __label__disgust 0.15360135447227627
__label__fear 0.18899867044978502 __label__anger 0.16679415750265383 __label__surprise 0.1655569265870493 __label__joy 0.163450594633794 __label__sadness 0.15955294204443066 __label__disgust 0.15564670878228723
__label__anger 0.17772653203032762 __label__fear 0.17115709851846367 __label__disgust 0.16907565057330037 __label__sadness 0.16783670783245516 __label__joy 0.16187005333014015 __label__surprise 0.15233395771531305
__label__anger 0.1821913729699375 __label__fear 0.1815217503738256 __label__surprise 0.16511320447793715 __label__disgust 0.16047860340940773 __label__sadness 0.15927102537056503 __label__joy 0.151424043398327
__label__fear 0.1896099491559864 __label__anger 0.1824754447297867 __label__sadness 0.15905404988320987 __label__surprise 0.1583889891722429 __label__disgust 0.15637706207921911 __label__joy 0.15409450497955524
__label__fear 0.1888684898003596 __label__anger 0.1785069404506914 __label__joy 0.17261712896121442 __label__sadness 0.1661065491282061 __label__surprise 0.14959451381956396 __label__disgust 0.14430637783996447
__label__fear 0.18502489015903104 __label__anger 0.1752043003344598 __label__joy 0.1662992027842259 __label__surprise 0.1607175468391659 __label__sadness 0.1596688697820678 __label__disgust 0.15308519010104957
__label__fear 0.18014770134947847 __label__joy 0.17149456764116025 __label__surprise 0.16957708754441495 __label__anger 0.1652383253764885 __label__sadness 0.16424379905499567 __label__disgust 0.1492985190334622
__label__surprise 0.18213536257634017 __label__fear 0.17746262389895445 __label__joy 0.17718331639308152 __label__anger 0.1565636370890027 __label__disgust 0.1558726469943791 __label__sadness 0.15078241304824205
__label__sadness 0.189280797420441 __label__joy 0.18607506479886068 __label__anger 0.17034020362292643 __label__fear 0.16825735859970498 __label__disgust 0.14346016925942495 __label__surprise 0.142586406298642
__label__fear 0.17710228331129932 __label__surprise 0.17669141013832812 __label__joy 0.16778926120476767 __label__sadness 0.1664233230531827 __label__anger 0.15881416353756087 __label__disgust 0.15317955875486125
__label__fear 0.19226075993348246 __label__joy 0.17098664505243072 __label__anger 0.16472179865173353 __label__surprise 0.16299376576053254 __label__sadness 0.15702409799650935 __label__disgust 0.15201293260531148
__label__joy 0.19241078256623872 __label__sadness 0.16995440634183148 __label__anger 0.16823368152862242 __label__fear 0.16596508879103397 __label__disgust 0.16135250767004827 __label__surprise 0.14208353310222502
__label__joy 0.1807876731309701 __label__disgust 0.17162555121248324 __label__sadness 0.16461841426364182 __label__fear 0.16169823368611144 __label__anger 0.16166842742325677 __label__surprise 0.15960170028353665
__label__fear 0.18260090094517561 __label__anger 0.17847318632724113 __label__joy 0.1727657148426103 __label__sadness 0.16278752423631876 __label__disgust 0.15218135998614246 __label__surprise 0.1511913136625117
__label__joy 0.1752249161006544 __label__sadness 0.1726368094735438 __label__fear 0.17236571388218813 __label__surprise 0.16705128211949227 __label__anger 0.1629174931348272 __label__disgust 0.14980378528929422
__label__anger 0.17570186422136574 __label__fear 0.17473460517625625 __label__sadness 0.1747344912424355 __label__joy 0.16825762484401952 __label__surprise 0.15672912848782408 __label__disgust 0.14984228602809893
__label__anger 0.17951288988447228 __label__joy 0.176366765502149 __label__surprise 0.17161700410412528 __label__sadness 0.16239772998262583 __label__fear 0.1566502051471866 __label__disgust 0.1534554053794411
__label__sadness 0.18466349267121052 __label__joy 0.1714221472552722 __label__disgust 0.1659218149575579 __label__anger 0.1651931273968047 __label__fear 0.16089057376123814 __label__surprise 0.15190884395791648
__label__sadness 0.1812990355105737 __label__joy 0.1780970921947769 __label__anger 0.17285882836370092 __label__fear 0.16160433232485344 __label__surprise 0.15555410616323548 __label__disgust 0.1505866054428595
__label__fear 0.19643606416434778 __label__joy 0.16902371925680637 __label__anger 0.16892076130757408 __label__surprise 0.1644987229327739 __label__sadness 0.1518487286783847 __label__disgust 0.14927200366011306
__label__joy 0.17607042731282596 __label__sadness 0.17313269101563128 __label__anger 0.17138796908833998 __label__fear 0.16732946184777767 __label__disgust 0.15661649034101785 __label__surprise 0.15546296039440718
__label__surprise 0.1820078505120942 __label__joy 0.1811345131194346 __label__sadness 0.1679160155553283 __label__fear 0.1608588524818208 __label__anger 0.1559689008880719 __label__disgust 0.15211386744325023
__label__fear 0.1895240138251523 __label__joy 0.1801439379189058 __label__surprise 0.16536303768229987 __label__anger 0.15998632009566122 __label__sadness 0.15787493060215646 __label__disgust 0.14710775987582422
__label__sadness 0.17920329450443506 __label__joy 0.17245885274221975 __label__fear 0.1650883545536041 __label__surprise 0.16312326077668038 __label__disgust 0.1606292604708964 __label__anger 0.15949697695216422
__label__anger 0.17672603794527056 __label__disgust 0.17019829387108812 __label__fear 0.1672263831619424 __label__joy 0.16512788095519904 __label__sadness 0.16274853144979098 __label__surprise 0.15797287261670898
__label__joy 0.181611302187717 __label__fear 0.17111006512824095 __label__sadness 0.16976097589204053 __label__surprise 0.16448925725828845 __label__anger 0.15972687430933172 __label__disgust 0.15330152522438123
__label__joy 0.17418072411416 __label__surprise 0.17149292224848797 __label__sadness 0.1714738966950986 __label__anger 0.16201804245602922 __label__fear 0.16177021142748169 __label__disgust 0.15906420305874241
__label__joy 0.18551679729570403 __label__anger 0.17592565826962647 __label__fear 0.16662468679922965 __label__sadness 0.16440120361978958 __label__disgust 0.15653582995085058 __label__surprise 0.1509958240647998
